-3900.0,-602.0
-4280.0,-1084.0
-4452.0,-1334.0
-4576.0,-1612.0
-4688.0,-1762.0
-4812.0,-1962.0
-4832.0,-2000.0
-4856.0,-2092.0
-4852.0,-2148.0
-4876.0,-2256.0
-4900.0,-2338.0
-4928.0,-2408.0
-4948.0,-2480.0
-4992.0,-2498.0
-4992.0,-2498.0
-5000.0,-2500.0
-5000.0,-2500.0
-5000.0,-2500.0
-4984.0,-2496.0
-5000.0,-2500.0
-5000.0,-2500.0
-5000.0,-2500.0
-4992.0,-2498.0
-5000.0,-2500.0
-5000.0,-2500.0
-4992.0,-2498.0
-4984.0,-2496.0
-5000.0,-2500.0
-5000.0,-2500.0
-4992.0,-2498.0
-4992.0,-2498.0
-5000.0,-2500.0
-5000.0,-2500.0
-4984.0,-2496.0
-5000.0,-2500.0
-4984.0,-2496.0
-4976.0,-2494.0
-4992.0,-2498.0
-4992.0,-2498.0
-4992.0,-2498.0
-4992.0,-2498.0
-5000.0,-2500.0
-4992.0,-2498.0
-4992.0,-2498.0
-5000.0,-2500.0
-5000.0,-2500.0
-4992.0,-2498.0
-4992.0,-2498.0
-4972.0,-2492.0
-5000.0,-2500.0
-4992.0,-2498.0
-4992.0,-2498.0
-4968.0,-2492.0
-5000.0,-2500.0
-5000.0,-2500.0
-4992.0,-2498.0
-4984.0,-2496.0
-4984.0,-2496.0
-4992.0,-2498.0
-4992.0,-2498.0
-5000.0,-2500.0
-4992.0,-2498.0
-5000.0,-2500.0
-4992.0,-2498.0
-4984.0,-2496.0
-4992.0,-2498.0
-4984.0,-2496.0
-4984.0,-2496.0
-4992.0,-2498.0
-4992.0,-2498.0
-4984.0,-2496.0
-4992.0,-2498.0
-4972.0,-2492.0
-4984.0,-2496.0
-4992.0,-2498.0
-5000.0,-2500.0
-5000.0,-2500.0
-5000.0,-2500.0
-5000.0,-2500.0
-4976.0,-2494.0
-4992.0,-2498.0
-5000.0,-2500.0
-4984.0,-2496.0
-4992.0,-2498.0
-4992.0,-2498.0
-4984.0,-2496.0
-5000.0,-2500.0
-5000.0,-2500.0
-4992.0,-2498.0
-4992.0,-2498.0
-4992.0,-2498.0
-5000.0,-2500.0
-5000.0,-2500.0
-4992.0,-2498.0
-4992.0,-2498.0
-5000.0,-2500.0
-4992.0,-2498.0
-4992.0,-2498.0
-5000.0,-2500.0
-4992.0,-2498.0
-5000.0,-2500.0
-4992.0,-2498.0
-5000.0,-2500.0
-4992.0,-2498.0
-4992.0,-2498.0
-4984.0,-2496.0
-5000.0,-2500.0
-4992.0,-2498.0
-5000.0,-2500.0
-5000.0,-2500.0
-4984.0,-2496.0
-4992.0,-2498.0
-4992.0,-2498.0
-5000.0,-2500.0
-5000.0,-2500.0
-4984.0,-2496.0
-4992.0,-2498.0
-5000.0,-2500.0
-5000.0,-2500.0
-4984.0,-2496.0
-4976.0,-2492.0
-5000.0,-2500.0
-4976.0,-2494.0
-4984.0,-2496.0
-5000.0,-2500.0
-5000.0,-2500.0
-5000.0,-2500.0
-4984.0,-2496.0
-4976.0,-2494.0
-4992.0,-2498.0
-5000.0,-2500.0
-4980.0,-2494.0
-5000.0,-2500.0
-5000.0,-2500.0
-5000.0,-2500.0
-5000.0,-2500.0
-5000.0,-2500.0
-4984.0,-2496.0
-5000.0,-2500.0
-5000.0,-2500.0
-4992.0,-2498.0
-4984.0,-2496.0
-4976.0,-2494.0
-5000.0,-2500.0
-4984.0,-2496.0
-5000.0,-2500.0
-4984.0,-2496.0
-5000.0,-2500.0
-5000.0,-2500.0
-5000.0,-2500.0
-4984.0,-2496.0
-4992.0,-2498.0
-5000.0,-2500.0
-4976.0,-2494.0
-4992.0,-2498.0
-5000.0,-2500.0
-5000.0,-2500.0
-4984.0,-2496.0
-4992.0,-2498.0
-5000.0,-2500.0
-4992.0,-2498.0
-5000.0,-2500.0
-5000.0,-2500.0
-4992.0,-2498.0
-5000.0,-2500.0
-5000.0,-2500.0
-4984.0,-2496.0
-5000.0,-2500.0
-4992.0,-2498.0
-5000.0,-2500.0
-5000.0,-2500.0
-4984.0,-2496.0
-5000.0,-2500.0
-5000.0,-2500.0
-5000.0,-2500.0
-4988.0,-2496.0
-5000.0,-2500.0
-5000.0,-2500.0
-4992.0,-2498.0
-4992.0,-2498.0
-5000.0,-2500.0
-5000.0,-2500.0
-4992.0,-2498.0
-5000.0,-2500.0
-5000.0,-2500.0
-5000.0,-2500.0
-5000.0,-2500.0
-4992.0,-2498.0
-4992.0,-2498.0
-5000.0,-2500.0
-5000.0,-2500.0
-4992.0,-2498.0
-5000.0,-2500.0
-5000.0,-2500.0
-4992.0,-2498.0
-4992.0,-2498.0
-4992.0,-2498.0
-5000.0,-2500.0
-4992.0,-2498.0
-4992.0,-2498.0
-4984.0,-2496.0
-4992.0,-2498.0
-4992.0,-2498.0
-4992.0,-2498.0
-5000.0,-2500.0
-4992.0,-2498.0
-5000.0,-2500.0
-5000.0,-2500.0
-4992.0,-2498.0
-4976.0,-2494.0
-4984.0,-2496.0
-4992.0,-2498.0
-5000.0,-2500.0
-4992.0,-2498.0
-4992.0,-2498.0
-5000.0,-2500.0
-4992.0,-2498.0
-4976.0,-2494.0
-4984.0,-2496.0
-5000.0,-2500.0
-4992.0,-2498.0
-5000.0,-2500.0
-4984.0,-2496.0
-4984.0,-2496.0
-4984.0,-2496.0
-5000.0,-2500.0
-5000.0,-2500.0
-4992.0,-2498.0
-5000.0,-2500.0
-4992.0,-2498.0
-4992.0,-2498.0
-4992.0,-2498.0
-5000.0,-2500.0
-5000.0,-2500.0
-5000.0,-2500.0
-5000.0,-2500.0
-5000.0,-2500.0
-5000.0,-2500.0
-4976.0,-2494.0
-5000.0,-2500.0
-5000.0,-2500.0
-5000.0,-2500.0
-5000.0,-2500.0
-5000.0,-2500.0
-5000.0,-2500.0
-4992.0,-2498.0
-5000.0,-2500.0
-5000.0,-2500.0
-4992.0,-2498.0
-4980.0,-2494.0
-4976.0,-2494.0
-5000.0,-2500.0
-4992.0,-2498.0
-5000.0,-2500.0
-4992.0,-2498.0
-5000.0,-2500.0
-5000.0,-2500.0
-5000.0,-2500.0
-4992.0,-2498.0
-5000.0,-2500.0
-5000.0,-2500.0
-5000.0,-2500.0
-5000.0,-2500.0
-5000.0,-2500.0
-4976.0,-2494.0
-5000.0,-2500.0
-4992.0,-2498.0
-4992.0,-2498.0
-4984.0,-2496.0
-5000.0,-2500.0
-4992.0,-2498.0
-5000.0,-2500.0
-4976.0,-2494.0
-4992.0,-2498.0
-4992.0,-2498.0
-4988.0,-2496.0
-5000.0,-2500.0
-5000.0,-2500.0
-4984.0,-2496.0
-4992.0,-2498.0
-4992.0,-2498.0
-4992.0,-2498.0
-4992.0,-2498.0
-4992.0,-2498.0
-5000.0,-2500.0
-5000.0,-2500.0
-5000.0,-2500.0
-5000.0,-2500.0
-4984.0,-2496.0
-4984.0,-2496.0
-4984.0,-2496.0
-5000.0,-2500.0
-4992.0,-2498.0
-4984.0,-2496.0
-4988.0,-2496.0
-4984.0,-2496.0
-4992.0,-2498.0
-4992.0,-2498.0
-4992.0,-2498.0
-5000.0,-2500.0
-4984.0,-2496.0
-5000.0,-2500.0
-4992.0,-2498.0
-4992.0,-2498.0
-5000.0,-2500.0
-5000.0,-2500.0
-5000.0,-2500.0
-4992.0,-2498.0
-5000.0,-2500.0
-4984.0,-2496.0
-4988.0,-2496.0
-5000.0,-2500.0
-4992.0,-2498.0
-4976.0,-2494.0
-4984.0,-2496.0
-4992.0,-2498.0
-5000.0,-2500.0
-5000.0,-2500.0
-5000.0,-2500.0
-5000.0,-2500.0
-5000.0,-2500.0
-4984.0,-2496.0
-4984.0,-2496.0
-5000.0,-2500.0
-4992.0,-2498.0
-5000.0,-2500.0
-4968.0,-2492.0
-4992.0,-2498.0
-5000.0,-2500.0
-4992.0,-2498.0
-5000.0,-2500.0
-4992.0,-2498.0
-5000.0,-2500.0
-4992.0,-2498.0
-5000.0,-2500.0
-5000.0,-2500.0
-5000.0,-2500.0
-5000.0,-2500.0
-4992.0,-2498.0
-4992.0,-2498.0
-4992.0,-2498.0
-4992.0,-2498.0
-4992.0,-2498.0
-5000.0,-2500.0
-5000.0,-2500.0
-5000.0,-2500.0
-4976.0,-2494.0
-4992.0,-2498.0
-5000.0,-2500.0
-5000.0,-2500.0
-4992.0,-2498.0
-4992.0,-2498.0
-4992.0,-2498.0
-4992.0,-2498.0
-5000.0,-2500.0
-4992.0,-2498.0
-5000.0,-2500.0
-5000.0,-2500.0
-5000.0,-2500.0
-5000.0,-2500.0
-5000.0,-2500.0
-5000.0,-2500.0
-4976.0,-2494.0
-5000.0,-2500.0
-4992.0,-2498.0
-4992.0,-2498.0
-5000.0,-2500.0
-4984.0,-2496.0
-4984.0,-2496.0
-4984.0,-2496.0
-5000.0,-2500.0
-5000.0,-2500.0
-5000.0,-2500.0
-4992.0,-2498.0
-4944.0,-2486.0
-4984.0,-2496.0
-5000.0,-2500.0
-5000.0,-2500.0
-4984.0,-2496.0
-4984.0,-2496.0
-5000.0,-2500.0
-5000.0,-2500.0
-5000.0,-2500.0
-4992.0,-2498.0
-4984.0,-2496.0
-5000.0,-2500.0
-4984.0,-2496.0
-5000.0,-2500.0
-5000.0,-2500.0
-5000.0,-2500.0
-5000.0,-2500.0
-5000.0,-2500.0
-5000.0,-2500.0
-4992.0,-2498.0
-5000.0,-2500.0
-4992.0,-2498.0
-4992.0,-2498.0
-4984.0,-2496.0
-4984.0,-2496.0
-4992.0,-2498.0
-4984.0,-2496.0
-5000.0,-2500.0
-5000.0,-2500.0
-5000.0,-2500.0
-5000.0,-2500.0
-5000.0,-2500.0
-4992.0,-2498.0
-5000.0,-2500.0
-5000.0,-2500.0
-4984.0,-2496.0
-5000.0,-2500.0
-4984.0,-2496.0
-4984.0,-2496.0
-4992.0,-2498.0
-4984.0,-2496.0
-4976.0,-2494.0
-4984.0,-2496.0
-4980.0,-2494.0
-5000.0,-2500.0
-5000.0,-2500.0
-5000.0,-2500.0
-4984.0,-2496.0
-5000.0,-2500.0
-5000.0,-2500.0
-5000.0,-2500.0
-4992.0,-2498.0
-4984.0,-2496.0
-4992.0,-2498.0
-5000.0,-2500.0
-5000.0,-2500.0
-4976.0,-2494.0
-5000.0,-2500.0
-5000.0,-2500.0
-4984.0,-2496.0
-4992.0,-2498.0
-5000.0,-2500.0
-4992.0,-2498.0
-5000.0,-2500.0
-5000.0,-2500.0
-4992.0,-2498.0
-4984.0,-2496.0
-5000.0,-2500.0
-4984.0,-2496.0
-4984.0,-2496.0
-4988.0,-2496.0
-5000.0,-2500.0
-4984.0,-2496.0
-4984.0,-2496.0
-5000.0,-2500.0
-4984.0,-2496.0
-5000.0,-2500.0
-4984.0,-2496.0
-4992.0,-2498.0
-4992.0,-2498.0
-4984.0,-2496.0
-4992.0,-2498.0
-5000.0,-2500.0
-5000.0,-2500.0
-4992.0,-2498.0
-5000.0,-2500.0
-5000.0,-2500.0
-4992.0,-2498.0
-5000.0,-2500.0
-5000.0,-2500.0
-5000.0,-2500.0
-4992.0,-2498.0
-5000.0,-2500.0
-4984.0,-2496.0
-4984.0,-2496.0
-4992.0,-2498.0
-4976.0,-2494.0
-4992.0,-2498.0
-4992.0,-2498.0
-5000.0,-2500.0
-4992.0,-2498.0
-4964.0,-2490.0
-5000.0,-2500.0
-5000.0,-2500.0
-4992.0,-2498.0
-4984.0,-2496.0
-4988.0,-2496.0
-5000.0,-2500.0
-4992.0,-2498.0
-4984.0,-2496.0
-4992.0,-2498.0
-5000.0,-2500.0
-4992.0,-2498.0
-4992.0,-2498.0
-4984.0,-2496.0
-4992.0,-2498.0
-5000.0,-2500.0
-4992.0,-2498.0
-4984.0,-2496.0
-4984.0,-2496.0
-4992.0,-2498.0
-4992.0,-2498.0
-4992.0,-2498.0
-5000.0,-2500.0
-5000.0,-2500.0
-4984.0,-2496.0
-4984.0,-2496.0
-4992.0,-2498.0
-4980.0,-2494.0
-4972.0,-2492.0
-4992.0,-2498.0
-4992.0,-2498.0
-4992.0,-2498.0
-5000.0,-2500.0
-4992.0,-2498.0
-4992.0,-2498.0
-5000.0,-2500.0
-5000.0,-2500.0
-4992.0,-2498.0
-5000.0,-2500.0
-4992.0,-2498.0
-5000.0,-2500.0
-5000.0,-2500.0
-5000.0,-2500.0
-4992.0,-2498.0
-5000.0,-2500.0
-4992.0,-2498.0
-5000.0,-2500.0
-4992.0,-2498.0
-5000.0,-2500.0
-4992.0,-2498.0
-5000.0,-2500.0
-4992.0,-2498.0
-4992.0,-2498.0
-5000.0,-2500.0
-4992.0,-2498.0
-5000.0,-2500.0
-5000.0,-2500.0
-5000.0,-2500.0
-5000.0,-2500.0
-4984.0,-2496.0
-4992.0,-2498.0
-5000.0,-2500.0
-5000.0,-2500.0
-4992.0,-2498.0
-4984.0,-2496.0
-5000.0,-2500.0
-5000.0,-2500.0
-4992.0,-2498.0
-4976.0,-2494.0
-5000.0,-2500.0
-4976.0,-2494.0
-5000.0,-2500.0
-4984.0,-2496.0
-5000.0,-2500.0
-5000.0,-2500.0
-4984.0,-2496.0
-4992.0,-2498.0
-5000.0,-2500.0
-4992.0,-2498.0
-4992.0,-2498.0
-5000.0,-2500.0
-4992.0,-2498.0
-5000.0,-2500.0
-5000.0,-2500.0
-4988.0,-2496.0
-5000.0,-2500.0
-4980.0,-2494.0
-5000.0,-2500.0
-4992.0,-2498.0
-5000.0,-2500.0
-4992.0,-2498.0
-4992.0,-2498.0
-4992.0,-2498.0
-4976.0,-2494.0
-4992.0,-2498.0
-4992.0,-2498.0
-5000.0,-2500.0
-4992.0,-2498.0
-4992.0,-2498.0
-4992.0,-2498.0
-5000.0,-2500.0
-4992.0,-2498.0
-4984.0,-2496.0
-4992.0,-2498.0
-4992.0,-2498.0
-5000.0,-2500.0
-5000.0,-2500.0
-4992.0,-2498.0
-4984.0,-2496.0
-5000.0,-2500.0
-5000.0,-2500.0
-4992.0,-2498.0
-5000.0,-2500.0
-4984.0,-2496.0
-5000.0,-2500.0
-5000.0,-2500.0
-4984.0,-2496.0
-5000.0,-2500.0
-4992.0,-2498.0
-5000.0,-2500.0
-4984.0,-2496.0
-4988.0,-2496.0
-4984.0,-2496.0
-4980.0,-2494.0
-4992.0,-2498.0
-4992.0,-2498.0
-4984.0,-2496.0
-4980.0,-2494.0
-4992.0,-2498.0
-4992.0,-2498.0
-4992.0,-2498.0
-4992.0,-2498.0
-4992.0,-2498.0
-5000.0,-2500.0
-4984.0,-2496.0
-4992.0,-2498.0
-4992.0,-2498.0
-4992.0,-2498.0
-5000.0,-2500.0
-4992.0,-2498.0
-5000.0,-2500.0
-5000.0,-2500.0
-5000.0,-2500.0
-5000.0,-2500.0
-4992.0,-2498.0
-4992.0,-2498.0
-4992.0,-2498.0
-4984.0,-2496.0
-4992.0,-2498.0
-5000.0,-2500.0
-5000.0,-2500.0
-4984.0,-2496.0
-4992.0,-2498.0
-4992.0,-2498.0
-5000.0,-2500.0
-5000.0,-2500.0
-5000.0,-2500.0
-4992.0,-2498.0
-5000.0,-2500.0
-5000.0,-2500.0
-4992.0,-2498.0
-5000.0,-2500.0
-5000.0,-2500.0
-4984.0,-2496.0
-5000.0,-2500.0
-5000.0,-2500.0
-5000.0,-2500.0
-5000.0,-2500.0
-5000.0,-2500.0
-5000.0,-2500.0
-4984.0,-2496.0
-5000.0,-2500.0
-4992.0,-2498.0
-4984.0,-2496.0
-5000.0,-2500.0
-4980.0,-2494.0
-4992.0,-2498.0
-4992.0,-2498.0
-5000.0,-2500.0
-5000.0,-2500.0
-5000.0,-2500.0
-5000.0,-2500.0
-4992.0,-2498.0
-4992.0,-2498.0
-4992.0,-2498.0
-4984.0,-2496.0
-4984.0,-2496.0
-4984.0,-2496.0
-4992.0,-2498.0
-5000.0,-2500.0
-4992.0,-2498.0
-5000.0,-2500.0
-4992.0,-2498.0
-5000.0,-2500.0
-5000.0,-2500.0
-4992.0,-2498.0
-4984.0,-2496.0
-5000.0,-2500.0
-4984.0,-2496.0
-4976.0,-2494.0
-5000.0,-2500.0
-4992.0,-2498.0
-4984.0,-2496.0
-4992.0,-2498.0
-5000.0,-2500.0
-4984.0,-2496.0
-5000.0,-2500.0
-5000.0,-2500.0
-4984.0,-2496.0
-4992.0,-2498.0
-4992.0,-2498.0
-4984.0,-2496.0
-4992.0,-2498.0
-5000.0,-2500.0
-5000.0,-2500.0
-5000.0,-2500.0
-5000.0,-2500.0
-5000.0,-2500.0
-5000.0,-2500.0
-4992.0,-2498.0
-4984.0,-2496.0
-4992.0,-2498.0
-4992.0,-2498.0
-4992.0,-2498.0
-4992.0,-2498.0
-4992.0,-2498.0
-5000.0,-2500.0
-4992.0,-2498.0
-5000.0,-2500.0
-5000.0,-2500.0
-4992.0,-2498.0
-4992.0,-2498.0
-4992.0,-2498.0
-4968.0,-2492.0
-5000.0,-2500.0
-4984.0,-2496.0
-4984.0,-2496.0
-4984.0,-2496.0
-5000.0,-2500.0
-5000.0,-2500.0
-5000.0,-2500.0
-5000.0,-2500.0
-5000.0,-2500.0
-4984.0,-2496.0
-4992.0,-2498.0
-5000.0,-2500.0
-4968.0,-2492.0
-4992.0,-2498.0
-4992.0,-2498.0
-4984.0,-2496.0
-4984.0,-2496.0
-5000.0,-2500.0
-5000.0,-2500.0
-4984.0,-2496.0
-4984.0,-2496.0
-5000.0,-2500.0
-5000.0,-2500.0
-5000.0,-2500.0
-5000.0,-2500.0
-4984.0,-2496.0
-5000.0,-2500.0
-5000.0,-2500.0
-4988.0,-2496.0
-5000.0,-2500.0
-5000.0,-2500.0
-5000.0,-2500.0
-5000.0,-2500.0
-5000.0,-2500.0
-5000.0,-2500.0
-4992.0,-2498.0
-5000.0,-2500.0
-5000.0,-2500.0
-5000.0,-2500.0
-4992.0,-2498.0
-4992.0,-2498.0
-5000.0,-2500.0
-4992.0,-2498.0
-4992.0,-2498.0
-5000.0,-2500.0
-4992.0,-2498.0
-4984.0,-2496.0
-4992.0,-2498.0
-5000.0,-2500.0
-4976.0,-2494.0
-5000.0,-2500.0
-4984.0,-2496.0
-4984.0,-2496.0
-4984.0,-2496.0
-4984.0,-2496.0
-4984.0,-2496.0
-5000.0,-2500.0
-4984.0,-2496.0
-4992.0,-2498.0
-5000.0,-2500.0
-4992.0,-2498.0
-4984.0,-2496.0
-5000.0,-2500.0
-4992.0,-2498.0
-4992.0,-2498.0
-4992.0,-2498.0
-5000.0,-2500.0
-4988.0,-2496.0
-5000.0,-2500.0
-4984.0,-2496.0
-5000.0,-2500.0
-5000.0,-2500.0
-4992.0,-2498.0
-4984.0,-2496.0
-4992.0,-2498.0
-4992.0,-2498.0
-5000.0,-2500.0
-4992.0,-2498.0
-5000.0,-2500.0
-4992.0,-2498.0
-5000.0,-2500.0
-5000.0,-2500.0
-5000.0,-2500.0
-4984.0,-2496.0
-5000.0,-2500.0
-4992.0,-2498.0
-5000.0,-2500.0
-5000.0,-2500.0
-4984.0,-2496.0
-4976.0,-2494.0
-4992.0,-2498.0
-4992.0,-2498.0
-5000.0,-2500.0
-4992.0,-2498.0
-5000.0,-2500.0
-5000.0,-2500.0
-4992.0,-2498.0
-4992.0,-2498.0
-5000.0,-2500.0
-5000.0,-2500.0
-4984.0,-2496.0
-4984.0,-2496.0
-5000.0,-2500.0
-5000.0,-2500.0
-4984.0,-2496.0
-5000.0,-2500.0
-4992.0,-2498.0
-4992.0,-2498.0
-5000.0,-2500.0
-4992.0,-2498.0
-4992.0,-2498.0
-5000.0,-2500.0
-4984.0,-2496.0
-4992.0,-2498.0
-4992.0,-2498.0
-4992.0,-2498.0
-4984.0,-2496.0
-4976.0,-2494.0
-4988.0,-2496.0
-4992.0,-2498.0
-4992.0,-2498.0
-4992.0,-2498.0
-5000.0,-2500.0
-5000.0,-2500.0
-4992.0,-2498.0
-4992.0,-2498.0
-5000.0,-2500.0
-4984.0,-2496.0
-5000.0,-2500.0
-4984.0,-2496.0
-4984.0,-2496.0
-5000.0,-2500.0
-5000.0,-2500.0
-4992.0,-2498.0
-4988.0,-2496.0
-5000.0,-2500.0
-4980.0,-2494.0
-4992.0,-2498.0
-4988.0,-2496.0
-5000.0,-2500.0
-5000.0,-2500.0
-4976.0,-2494.0
-4976.0,-2494.0
-4992.0,-2498.0
-5000.0,-2500.0
-4992.0,-2498.0
-4992.0,-2498.0
-5000.0,-2500.0
-4992.0,-2498.0
-4992.0,-2498.0
-4984.0,-2496.0
-5000.0,-2500.0
-4992.0,-2498.0
-5000.0,-2500.0
-4992.0,-2498.0
-5000.0,-2500.0
-4992.0,-2498.0
-4980.0,-2494.0
-5000.0,-2500.0
-5000.0,-2500.0
-4960.0,-2490.0
-5000.0,-2500.0
-4992.0,-2498.0
-4992.0,-2498.0
-5000.0,-2500.0
-4976.0,-2494.0
-4992.0,-2498.0
-4992.0,-2498.0
-5000.0,-2500.0
-4992.0,-2498.0
-5000.0,-2500.0
-4992.0,-2498.0
-5000.0,-2500.0
-5000.0,-2500.0
-5000.0,-2500.0
-4992.0,-2498.0
-4976.0,-2494.0
-4992.0,-2498.0
-5000.0,-2500.0
-4992.0,-2498.0
-5000.0,-2500.0
-5000.0,-2500.0
-5000.0,-2500.0
-5000.0,-2500.0
-4992.0,-2498.0
-4968.0,-2492.0
-5000.0,-2500.0
-4992.0,-2498.0
-4992.0,-2498.0
-4992.0,-2498.0
-4992.0,-2498.0
-4992.0,-2498.0
-4992.0,-2498.0
-4992.0,-2498.0
-4992.0,-2498.0
-5000.0,-2500.0
-5000.0,-2500.0
-4992.0,-2498.0
-4992.0,-2498.0
-4984.0,-2496.0
-5000.0,-2500.0
-5000.0,-2500.0
-5000.0,-2500.0
-4976.0,-2494.0
-5000.0,-2500.0
-5000.0,-2500.0
-4992.0,-2498.0
-5000.0,-2500.0
-4992.0,-2498.0
-4984.0,-2496.0
-5000.0,-2500.0
-5000.0,-2500.0
-5000.0,-2500.0
-4992.0,-2498.0
-5000.0,-2500.0
-4992.0,-2498.0
-4992.0,-2498.0
-4972.0,-2492.0
-4984.0,-2496.0
-4984.0,-2496.0
-4992.0,-2498.0
-5000.0,-2500.0
-4968.0,-2492.0
-5000.0,-2500.0
-5000.0,-2500.0
-4992.0,-2498.0
-5000.0,-2500.0
-4992.0,-2498.0
-5000.0,-2500.0
-4992.0,-2498.0
-4992.0,-2498.0
-5000.0,-2500.0
-4980.0,-2494.0
-5000.0,-2500.0
-5000.0,-2500.0
-4992.0,-2498.0
-5000.0,-2500.0
-5000.0,-2500.0
-5000.0,-2500.0
-4992.0,-2498.0
-5000.0,-2500.0
-4992.0,-2498.0
-4992.0,-2498.0
-4984.0,-2496.0
-4992.0,-2498.0
-5000.0,-2500.0
-4984.0,-2496.0
-5000.0,-2500.0
-5000.0,-2500.0
-4992.0,-2498.0
-4992.0,-2498.0
-5000.0,-2500.0
-5000.0,-2500.0
-5000.0,-2500.0
-5000.0,-2500.0
-5000.0,-2500.0
-5000.0,-2500.0
-4992.0,-2498.0
-4992.0,-2498.0
-4984.0,-2496.0
-4992.0,-2498.0
-4992.0,-2498.0
-5000.0,-2500.0
-4980.0,-2494.0
-4992.0,-2498.0
-5000.0,-2500.0
-5000.0,-2500.0
-4984.0,-2496.0
-4992.0,-2498.0
-5000.0,-2500.0
-5000.0,-2500.0
-5000.0,-2500.0
-4984.0,-2496.0
-4992.0,-2498.0
-4976.0,-2494.0
-4992.0,-2498.0
-4992.0,-2498.0
-5000.0,-2500.0
-5000.0,-2500.0
-4988.0,-2496.0
-5000.0,-2500.0
-4992.0,-2498.0
-4984.0,-2496.0
-5000.0,-2500.0
-5000.0,-2500.0
-5000.0,-2500.0
-4992.0,-2498.0
-5000.0,-2500.0
-4984.0,-2496.0
-5000.0,-2500.0
-5000.0,-2500.0
-4992.0,-2498.0
