-3920.0,-146.0
-4236.0,-244.0
-4356.0,-242.0
-4440.0,-218.0
-4484.0,-288.0
-4480.0,-322.0
-4540.0,-544.0
-4576.0,-800.0
-4612.0,-970.0
-4664.0,-1112.0
-4708.0,-1198.0
-4744.0,-1252.0
-4732.0,-1252.0
-4744.0,-1286.0
-4752.0,-1330.0
-4772.0,-1352.0
-4780.0,-1420.0
-4740.0,-1418.0
-4736.0,-1458.0
-4780.0,-1516.0
-4796.0,-1542.0
-4796.0,-1600.0
-4800.0,-1732.0
-4816.0,-1802.0
-4816.0,-1786.0
-4816.0,-1860.0
-4844.0,-1990.0
-4856.0,-2052.0
-4840.0,-2104.0
-4860.0,-2132.0
-4888.0,-2210.0
-4880.0,-2254.0
-4904.0,-2352.0
-4932.0,-2438.0
-4964.0,-2478.0
-5000.0,-2500.0
-4972.0,-2492.0
-4992.0,-2498.0
-4992.0,-2498.0
-4984.0,-2494.0
-4984.0,-2496.0
-4984.0,-2496.0
-4992.0,-2498.0
-4992.0,-2498.0
-4992.0,-2498.0
-4984.0,-2496.0
-5000.0,-2500.0
-4984.0,-2496.0
-4984.0,-2496.0
-4992.0,-2498.0
-4992.0,-2498.0
-5000.0,-2500.0
-4992.0,-2498.0
-5000.0,-2500.0
-5000.0,-2500.0
-4992.0,-2498.0
-4992.0,-2498.0
-5000.0,-2500.0
-5000.0,-2500.0
-5000.0,-2500.0
-4992.0,-2498.0
-4976.0,-2494.0
-4992.0,-2498.0
-4992.0,-2498.0
-4992.0,-2498.0
-4992.0,-2498.0
-4992.0,-2498.0
-5000.0,-2500.0
-4992.0,-2498.0
-5000.0,-2500.0
-4992.0,-2498.0
-5000.0,-2500.0
-5000.0,-2500.0
-5000.0,-2500.0
-4992.0,-2498.0
-4976.0,-2494.0
-4992.0,-2498.0
-4984.0,-2496.0
-5000.0,-2500.0
-4992.0,-2498.0
-4984.0,-2496.0
-4988.0,-2496.0
-4952.0,-2488.0
-4992.0,-2498.0
-4992.0,-2498.0
-5000.0,-2500.0
-4992.0,-2498.0
-5000.0,-2500.0
-5000.0,-2500.0
-4976.0,-2494.0
-4984.0,-2496.0
-5000.0,-2500.0
-4984.0,-2496.0
-5000.0,-2500.0
-4992.0,-2498.0
-4992.0,-2498.0
-5000.0,-2500.0
-5000.0,-2500.0
-5000.0,-2500.0
-4984.0,-2496.0
-4992.0,-2498.0
-5000.0,-2500.0
-4992.0,-2498.0
-5000.0,-2500.0
-5000.0,-2500.0
-4980.0,-2494.0
-4992.0,-2498.0
-5000.0,-2500.0
-5000.0,-2500.0
-5000.0,-2500.0
-4984.0,-2496.0
-4984.0,-2496.0
-4984.0,-2496.0
-4984.0,-2496.0
-4992.0,-2498.0
-4992.0,-2498.0
-4992.0,-2498.0
-5000.0,-2500.0
-4984.0,-2496.0
-4992.0,-2498.0
-4984.0,-2496.0
-5000.0,-2500.0
-5000.0,-2500.0
-4992.0,-2498.0
-5000.0,-2500.0
-4992.0,-2498.0
-4984.0,-2496.0
-5000.0,-2500.0
-4992.0,-2498.0
-4992.0,-2498.0
-5000.0,-2500.0
-4992.0,-2498.0
-4992.0,-2498.0
-5000.0,-2500.0
-4984.0,-2496.0
-5000.0,-2500.0
-4984.0,-2496.0
-5000.0,-2500.0
-4984.0,-2496.0
-5000.0,-2500.0
-5000.0,-2500.0
-5000.0,-2500.0
-4984.0,-2496.0
-5000.0,-2500.0
-4992.0,-2498.0
-5000.0,-2500.0
-5000.0,-2500.0
-4948.0,-2486.0
-4984.0,-2496.0
-5000.0,-2500.0
-4992.0,-2498.0
-4992.0,-2498.0
-4984.0,-2496.0
-4968.0,-2492.0
-4984.0,-2496.0
-5000.0,-2500.0
-5000.0,-2500.0
-5000.0,-2500.0
-5000.0,-2500.0
-4984.0,-2496.0
-4960.0,-2490.0
-5000.0,-2500.0
-5000.0,-2500.0
-4984.0,-2496.0
-4984.0,-2496.0
-5000.0,-2500.0
-5000.0,-2500.0
-5000.0,-2500.0
-5000.0,-2500.0
-5000.0,-2500.0
-5000.0,-2500.0
-5000.0,-2500.0
-4984.0,-2496.0
-5000.0,-2500.0
-5000.0,-2500.0
-5000.0,-2500.0
-4976.0,-2494.0
-5000.0,-2500.0
-4992.0,-2498.0
-4976.0,-2494.0
-4992.0,-2498.0
-4980.0,-2494.0
-5000.0,-2500.0
-5000.0,-2500.0
-5000.0,-2500.0
-5000.0,-2500.0
-4984.0,-2496.0
-4976.0,-2494.0
-5000.0,-2500.0
-5000.0,-2500.0
-4984.0,-2496.0
-5000.0,-2500.0
-5000.0,-2500.0
-5000.0,-2500.0
-4984.0,-2496.0
-4992.0,-2498.0
-4984.0,-2496.0
-4992.0,-2498.0
-4976.0,-2494.0
-4992.0,-2498.0
-4992.0,-2498.0
-5000.0,-2500.0
-5000.0,-2500.0
-4992.0,-2498.0
-5000.0,-2500.0
-5000.0,-2500.0
-5000.0,-2500.0
-4984.0,-2496.0
-5000.0,-2500.0
-4984.0,-2496.0
-5000.0,-2500.0
-4992.0,-2498.0
-5000.0,-2500.0
-4992.0,-2498.0
-5000.0,-2500.0
-4992.0,-2498.0
-5000.0,-2500.0
-4984.0,-2496.0
-5000.0,-2500.0
-5000.0,-2500.0
-5000.0,-2500.0
-5000.0,-2500.0
-5000.0,-2500.0
-5000.0,-2500.0
-4992.0,-2498.0
-4992.0,-2498.0
-4992.0,-2498.0
-4992.0,-2498.0
-5000.0,-2500.0
-4992.0,-2498.0
-5000.0,-2500.0
-4992.0,-2498.0
-4984.0,-2496.0
-5000.0,-2500.0
-4992.0,-2498.0
-4984.0,-2496.0
-4992.0,-2498.0
-5000.0,-2500.0
-4992.0,-2498.0
-5000.0,-2500.0
-5000.0,-2500.0
-4992.0,-2498.0
-4992.0,-2498.0
-5000.0,-2500.0
-5000.0,-2500.0
-4992.0,-2498.0
-4992.0,-2498.0
-5000.0,-2500.0
-5000.0,-2500.0
-4992.0,-2498.0
-5000.0,-2500.0
-5000.0,-2500.0
-4992.0,-2498.0
-4984.0,-2496.0
-5000.0,-2500.0
-4984.0,-2496.0
-5000.0,-2500.0
-4992.0,-2498.0
-5000.0,-2500.0
-5000.0,-2500.0
-4992.0,-2498.0
-4984.0,-2496.0
-5000.0,-2500.0
-4992.0,-2498.0
-5000.0,-2500.0
-4992.0,-2498.0
-4992.0,-2498.0
-5000.0,-2500.0
-4988.0,-2496.0
-5000.0,-2500.0
-4992.0,-2498.0
-5000.0,-2500.0
-4992.0,-2498.0
-5000.0,-2500.0
-4992.0,-2498.0
-4984.0,-2496.0
-5000.0,-2500.0
-5000.0,-2500.0
-4992.0,-2498.0
-4992.0,-2498.0
-4992.0,-2498.0
-4992.0,-2498.0
-5000.0,-2500.0
-4984.0,-2496.0
-5000.0,-2500.0
-5000.0,-2500.0
-5000.0,-2500.0
-4984.0,-2496.0
-4984.0,-2496.0
-5000.0,-2500.0
-4992.0,-2498.0
-4984.0,-2496.0
-4976.0,-2494.0
-4988.0,-2496.0
-5000.0,-2500.0
-4984.0,-2496.0
-5000.0,-2500.0
-4984.0,-2496.0
-4968.0,-2492.0
-4992.0,-2498.0
-5000.0,-2500.0
-4992.0,-2498.0
-4984.0,-2496.0
-4992.0,-2498.0
-4984.0,-2496.0
-5000.0,-2500.0
-5000.0,-2500.0
-5000.0,-2500.0
-5000.0,-2500.0
-5000.0,-2500.0
-5000.0,-2500.0
-4984.0,-2496.0
-5000.0,-2500.0
-4984.0,-2496.0
-5000.0,-2500.0
-5000.0,-2500.0
-5000.0,-2500.0
-5000.0,-2500.0
-4992.0,-2498.0
-5000.0,-2500.0
-4992.0,-2498.0
-5000.0,-2500.0
-4984.0,-2496.0
-5000.0,-2500.0
-5000.0,-2500.0
-5000.0,-2500.0
-4984.0,-2496.0
-5000.0,-2500.0
-4992.0,-2498.0
-4992.0,-2498.0
-5000.0,-2500.0
-4992.0,-2498.0
-4984.0,-2496.0
-5000.0,-2500.0
-4984.0,-2496.0
-4992.0,-2498.0
-5000.0,-2500.0
-5000.0,-2500.0
-4992.0,-2498.0
-4984.0,-2496.0
-4976.0,-2494.0
-4992.0,-2498.0
-5000.0,-2500.0
-4984.0,-2494.0
-5000.0,-2500.0
-4992.0,-2498.0
-5000.0,-2500.0
-5000.0,-2500.0
-5000.0,-2500.0
-4992.0,-2498.0
-4992.0,-2498.0
-4992.0,-2498.0
-5000.0,-2500.0
-5000.0,-2500.0
-4984.0,-2496.0
-4992.0,-2498.0
-4992.0,-2498.0
-4992.0,-2498.0
-4992.0,-2498.0
-5000.0,-2500.0
-5000.0,-2500.0
-5000.0,-2500.0
-4992.0,-2498.0
-4984.0,-2496.0
-4992.0,-2498.0
-4984.0,-2496.0
-4984.0,-2496.0
-4984.0,-2496.0
-5000.0,-2500.0
-4992.0,-2498.0
-5000.0,-2500.0
-4992.0,-2498.0
-4992.0,-2498.0
-5000.0,-2500.0
-4992.0,-2498.0
-4992.0,-2498.0
-5000.0,-2500.0
-5000.0,-2500.0
-5000.0,-2500.0
-5000.0,-2500.0
-5000.0,-2500.0
-5000.0,-2500.0
-4992.0,-2498.0
-4968.0,-2492.0
-5000.0,-2500.0
-5000.0,-2500.0
-4984.0,-2496.0
-4992.0,-2498.0
-4992.0,-2498.0
-4992.0,-2498.0
-4976.0,-2494.0
-5000.0,-2500.0
-5000.0,-2500.0
-5000.0,-2500.0
-4992.0,-2498.0
-4984.0,-2496.0
-5000.0,-2500.0
-4992.0,-2498.0
-5000.0,-2500.0
-5000.0,-2500.0
-5000.0,-2500.0
-4992.0,-2498.0
-4952.0,-2488.0
-5000.0,-2500.0
-4984.0,-2496.0
-5000.0,-2500.0
-5000.0,-2500.0
-4992.0,-2498.0
-4984.0,-2496.0
-4992.0,-2498.0
-5000.0,-2500.0
-5000.0,-2500.0
-4992.0,-2498.0
-4992.0,-2498.0
-4992.0,-2498.0
-4992.0,-2498.0
-4992.0,-2498.0
-5000.0,-2500.0
-5000.0,-2500.0
-5000.0,-2500.0
-5000.0,-2500.0
-4984.0,-2496.0
-4992.0,-2498.0
-4964.0,-2490.0
-4984.0,-2496.0
-5000.0,-2500.0
-5000.0,-2500.0
-4984.0,-2496.0
-4984.0,-2496.0
-4992.0,-2498.0
-4992.0,-2498.0
-4984.0,-2496.0
-4992.0,-2498.0
-4992.0,-2498.0
-5000.0,-2500.0
-4992.0,-2498.0
-5000.0,-2500.0
-5000.0,-2500.0
-4992.0,-2498.0
-5000.0,-2500.0
-5000.0,-2500.0
-4984.0,-2496.0
-4984.0,-2496.0
-4976.0,-2492.0
-4984.0,-2496.0
-4980.0,-2494.0
-4968.0,-2492.0
-5000.0,-2500.0
-4992.0,-2498.0
-4984.0,-2496.0
-5000.0,-2500.0
-5000.0,-2500.0
-4976.0,-2494.0
-4984.0,-2496.0
-4984.0,-2496.0
-4992.0,-2498.0
-4992.0,-2498.0
-4992.0,-2498.0
-5000.0,-2500.0
-4992.0,-2498.0
-4992.0,-2498.0
-4992.0,-2498.0
-4992.0,-2498.0
-4984.0,-2496.0
-4992.0,-2498.0
-4992.0,-2498.0
-5000.0,-2500.0
-4992.0,-2498.0
-5000.0,-2500.0
-4984.0,-2496.0
-4992.0,-2498.0
-5000.0,-2500.0
-4984.0,-2496.0
-4992.0,-2498.0
-5000.0,-2500.0
-5000.0,-2500.0
-4992.0,-2498.0
-5000.0,-2500.0
-4992.0,-2498.0
-5000.0,-2500.0
-4984.0,-2496.0
-4992.0,-2498.0
-5000.0,-2500.0
-4984.0,-2496.0
-4992.0,-2498.0
-5000.0,-2500.0
-4992.0,-2498.0
-4984.0,-2496.0
-5000.0,-2500.0
-5000.0,-2500.0
-5000.0,-2500.0
-4992.0,-2498.0
-4992.0,-2498.0
-4992.0,-2498.0
-4984.0,-2496.0
-4984.0,-2496.0
-4984.0,-2496.0
-4960.0,-2490.0
-5000.0,-2500.0
-5000.0,-2500.0
-4992.0,-2498.0
-5000.0,-2500.0
-4984.0,-2496.0
-5000.0,-2500.0
-5000.0,-2500.0
-4992.0,-2498.0
-4992.0,-2498.0
-5000.0,-2500.0
-5000.0,-2500.0
-4992.0,-2498.0
-5000.0,-2500.0
-4992.0,-2498.0
-5000.0,-2500.0
-4976.0,-2494.0
-4992.0,-2498.0
-5000.0,-2500.0
-4984.0,-2496.0
-4980.0,-2494.0
-4992.0,-2498.0
-5000.0,-2500.0
-5000.0,-2500.0
-5000.0,-2500.0
-5000.0,-2500.0
-4976.0,-2494.0
-4992.0,-2498.0
-5000.0,-2500.0
-4992.0,-2498.0
-4992.0,-2498.0
-4988.0,-2496.0
-4988.0,-2496.0
-4984.0,-2496.0
-5000.0,-2500.0
-4984.0,-2496.0
-4992.0,-2498.0
-4984.0,-2496.0
-4992.0,-2498.0
-5000.0,-2500.0
-5000.0,-2500.0
-5000.0,-2500.0
-4992.0,-2498.0
-4992.0,-2498.0
-4992.0,-2498.0
-4976.0,-2494.0
-4992.0,-2498.0
-5000.0,-2500.0
-4992.0,-2498.0
-5000.0,-2500.0
-5000.0,-2500.0
-4984.0,-2496.0
-5000.0,-2500.0
-4992.0,-2498.0
-4992.0,-2498.0
-4984.0,-2496.0
-5000.0,-2500.0
-5000.0,-2500.0
-4984.0,-2496.0
-5000.0,-2500.0
-4992.0,-2498.0
-4992.0,-2498.0
-4992.0,-2498.0
-5000.0,-2500.0
-4988.0,-2496.0
-4992.0,-2498.0
-5000.0,-2500.0
-5000.0,-2500.0
-4988.0,-2496.0
-4992.0,-2498.0
-5000.0,-2500.0
-5000.0,-2500.0
-5000.0,-2500.0
-4992.0,-2498.0
-5000.0,-2500.0
-5000.0,-2500.0
-4968.0,-2490.0
-5000.0,-2500.0
-4976.0,-2494.0
-5000.0,-2500.0
-4992.0,-2498.0
-4984.0,-2496.0
-5000.0,-2500.0
-5000.0,-2500.0
-5000.0,-2500.0
-4992.0,-2498.0
-5000.0,-2500.0
-4972.0,-2492.0
-5000.0,-2500.0
-4976.0,-2494.0
-4992.0,-2498.0
-4992.0,-2498.0
-4984.0,-2496.0
-4992.0,-2498.0
-5000.0,-2500.0
-4976.0,-2490.0
-5000.0,-2500.0
-5000.0,-2500.0
-4992.0,-2498.0
-4968.0,-2492.0
-5000.0,-2500.0
-4992.0,-2498.0
-4976.0,-2494.0
-4992.0,-2498.0
-5000.0,-2500.0
-4984.0,-2496.0
-4984.0,-2496.0
-4992.0,-2498.0
-5000.0,-2500.0
-4992.0,-2498.0
-4992.0,-2498.0
-5000.0,-2500.0
-4984.0,-2496.0
-4992.0,-2498.0
-4992.0,-2498.0
-5000.0,-2500.0
-4992.0,-2498.0
-5000.0,-2500.0
-5000.0,-2500.0
-5000.0,-2500.0
-5000.0,-2500.0
-4976.0,-2494.0
-4992.0,-2498.0
-4992.0,-2498.0
-4992.0,-2498.0
-5000.0,-2500.0
-5000.0,-2500.0
-4984.0,-2496.0
-4976.0,-2494.0
-4984.0,-2496.0
-5000.0,-2500.0
-5000.0,-2500.0
-5000.0,-2500.0
-4992.0,-2498.0
-5000.0,-2500.0
-4992.0,-2498.0
-4992.0,-2498.0
-5000.0,-2500.0
-4984.0,-2496.0
-4992.0,-2498.0
-4976.0,-2494.0
-4984.0,-2496.0
-5000.0,-2500.0
-4992.0,-2498.0
-5000.0,-2500.0
-5000.0,-2500.0
-4992.0,-2498.0
-4992.0,-2498.0
-4992.0,-2498.0
-5000.0,-2500.0
-5000.0,-2500.0
-4992.0,-2498.0
-4992.0,-2498.0
-4988.0,-2496.0
-4984.0,-2494.0
-4984.0,-2496.0
-5000.0,-2500.0
-4984.0,-2496.0
-4992.0,-2498.0
-4992.0,-2498.0
-4980.0,-2494.0
-4992.0,-2498.0
-4984.0,-2496.0
-5000.0,-2500.0
-4984.0,-2496.0
-4992.0,-2498.0
-4984.0,-2496.0
-4980.0,-2494.0
-4992.0,-2498.0
-4984.0,-2496.0
-4976.0,-2494.0
-5000.0,-2500.0
-4984.0,-2496.0
-4992.0,-2498.0
-4992.0,-2498.0
-4984.0,-2496.0
-4984.0,-2496.0
-5000.0,-2500.0
-4992.0,-2498.0
-4980.0,-2494.0
-4992.0,-2498.0
-4992.0,-2498.0
-5000.0,-2500.0
-4992.0,-2498.0
-4992.0,-2498.0
-4992.0,-2498.0
-4984.0,-2496.0
-4992.0,-2498.0
-4992.0,-2498.0
-5000.0,-2500.0
-4992.0,-2498.0
-5000.0,-2500.0
-4984.0,-2496.0
-5000.0,-2500.0
-5000.0,-2500.0
-4992.0,-2498.0
-4976.0,-2494.0
-4980.0,-2494.0
-5000.0,-2500.0
-5000.0,-2500.0
-5000.0,-2500.0
-4992.0,-2498.0
-5000.0,-2500.0
-4992.0,-2498.0
-5000.0,-2500.0
-5000.0,-2500.0
-5000.0,-2500.0
-5000.0,-2500.0
-4992.0,-2498.0
-5000.0,-2500.0
-5000.0,-2500.0
-5000.0,-2500.0
-5000.0,-2500.0
-5000.0,-2500.0
-4984.0,-2496.0
-5000.0,-2500.0
-5000.0,-2500.0
-4968.0,-2492.0
-5000.0,-2500.0
-4992.0,-2498.0
-4984.0,-2496.0
-4992.0,-2498.0
-5000.0,-2500.0
-4992.0,-2498.0
-5000.0,-2500.0
-4992.0,-2498.0
-5000.0,-2500.0
-4992.0,-2498.0
-5000.0,-2500.0
-4992.0,-2498.0
-4992.0,-2498.0
-4992.0,-2498.0
-5000.0,-2500.0
-4984.0,-2496.0
-5000.0,-2500.0
-5000.0,-2500.0
-4984.0,-2496.0
-5000.0,-2500.0
-5000.0,-2500.0
-4992.0,-2498.0
-5000.0,-2500.0
-5000.0,-2500.0
-4992.0,-2498.0
-4992.0,-2498.0
-4992.0,-2498.0
-4992.0,-2498.0
-4992.0,-2498.0
-5000.0,-2500.0
-5000.0,-2500.0
-4992.0,-2498.0
-5000.0,-2500.0
-5000.0,-2500.0
-5000.0,-2500.0
-4992.0,-2498.0
-4984.0,-2496.0
-4992.0,-2498.0
-4992.0,-2498.0
-4992.0,-2498.0
-5000.0,-2500.0
-5000.0,-2500.0
-5000.0,-2500.0
-5000.0,-2500.0
-4992.0,-2498.0
-4992.0,-2498.0
-4992.0,-2498.0
-5000.0,-2500.0
-4992.0,-2498.0
-5000.0,-2500.0
-5000.0,-2500.0
-5000.0,-2500.0
-4984.0,-2496.0
-5000.0,-2500.0
-4992.0,-2498.0
-4960.0,-2490.0
-4992.0,-2498.0
-4992.0,-2498.0
-5000.0,-2500.0
-4984.0,-2496.0
-4992.0,-2498.0
-5000.0,-2500.0
-5000.0,-2500.0
-5000.0,-2500.0
-4992.0,-2498.0
-4992.0,-2498.0
-4984.0,-2496.0
-4984.0,-2496.0
-4992.0,-2498.0
-5000.0,-2500.0
-4992.0,-2498.0
-4992.0,-2498.0
-5000.0,-2500.0
-5000.0,-2500.0
-5000.0,-2500.0
-4992.0,-2498.0
-5000.0,-2500.0
-4984.0,-2496.0
-4984.0,-2496.0
-4992.0,-2498.0
-5000.0,-2500.0
-5000.0,-2500.0
-4992.0,-2498.0
-5000.0,-2500.0
-4992.0,-2498.0
-5000.0,-2500.0
-4980.0,-2494.0
-5000.0,-2500.0
-5000.0,-2500.0
-5000.0,-2500.0
-5000.0,-2500.0
-5000.0,-2500.0
-5000.0,-2500.0
-5000.0,-2500.0
-5000.0,-2500.0
-4976.0,-2494.0
-4992.0,-2498.0
-5000.0,-2500.0
-5000.0,-2500.0
-5000.0,-2500.0
-5000.0,-2500.0
-5000.0,-2500.0
-5000.0,-2500.0
-5000.0,-2500.0
-5000.0,-2500.0
-4984.0,-2496.0
-5000.0,-2500.0
-5000.0,-2500.0
-5000.0,-2500.0
-4992.0,-2498.0
-4976.0,-2494.0
-5000.0,-2500.0
-5000.0,-2500.0
-4988.0,-2496.0
-4992.0,-2498.0
-4988.0,-2496.0
-4976.0,-2494.0
-4992.0,-2498.0
-4992.0,-2498.0
-4992.0,-2498.0
-5000.0,-2500.0
-4984.0,-2496.0
-5000.0,-2500.0
-4992.0,-2498.0
-4992.0,-2498.0
-4984.0,-2496.0
-4992.0,-2498.0
-5000.0,-2500.0
-4988.0,-2496.0
-4992.0,-2498.0
-5000.0,-2500.0
-4992.0,-2498.0
-4992.0,-2498.0
-4992.0,-2498.0
-4992.0,-2498.0
-4992.0,-2498.0
-5000.0,-2500.0
-4992.0,-2498.0
-5000.0,-2500.0
-5000.0,-2500.0
-4976.0,-2494.0
-4992.0,-2498.0
-5000.0,-2500.0
-4992.0,-2498.0
-4988.0,-2496.0
-5000.0,-2500.0
-5000.0,-2500.0
-5000.0,-2500.0
-4992.0,-2498.0
-5000.0,-2500.0
-4988.0,-2496.0
-4992.0,-2498.0
-4984.0,-2496.0
-4992.0,-2498.0
-5000.0,-2500.0
-5000.0,-2500.0
-4952.0,-2488.0
-4992.0,-2498.0
-4984.0,-2496.0
-4984.0,-2496.0
-4968.0,-2492.0
-4992.0,-2498.0
-5000.0,-2500.0
-5000.0,-2500.0
-4984.0,-2496.0
-5000.0,-2500.0
-4976.0,-2494.0
-5000.0,-2500.0
-5000.0,-2500.0
-4984.0,-2496.0
-5000.0,-2500.0
-4984.0,-2496.0
-4984.0,-2496.0
-5000.0,-2500.0
-4984.0,-2496.0
-4976.0,-2494.0
-4976.0,-2494.0
-5000.0,-2500.0
-5000.0,-2500.0
-5000.0,-2500.0
-5000.0,-2500.0
-4968.0,-2492.0
-4992.0,-2498.0
-4992.0,-2498.0
-4992.0,-2498.0
-4992.0,-2498.0
-4992.0,-2498.0
-5000.0,-2500.0
-4984.0,-2496.0
-5000.0,-2500.0
-5000.0,-2500.0
-4976.0,-2494.0
-5000.0,-2500.0
-4988.0,-2496.0
-5000.0,-2500.0
-5000.0,-2500.0
-5000.0,-2500.0
-4992.0,-2498.0
-5000.0,-2500.0
-4984.0,-2496.0
-4992.0,-2498.0
-4984.0,-2496.0
-5000.0,-2500.0
-5000.0,-2500.0
-4984.0,-2496.0
-5000.0,-2500.0
-4984.0,-2496.0
-5000.0,-2500.0
-4992.0,-2498.0
-5000.0,-2500.0
-4992.0,-2498.0
-5000.0,-2500.0
-4992.0,-2498.0
-4992.0,-2498.0
-4972.0,-2492.0
-5000.0,-2500.0
-5000.0,-2500.0
-4984.0,-2496.0
-5000.0,-2500.0
-5000.0,-2500.0
-5000.0,-2500.0
-4988.0,-2496.0
-4984.0,-2496.0
-5000.0,-2500.0
-4992.0,-2498.0
-5000.0,-2500.0
-5000.0,-2500.0
-5000.0,-2500.0
-5000.0,-2500.0
-4984.0,-2496.0
-4984.0,-2496.0
-5000.0,-2500.0
-4992.0,-2498.0
-5000.0,-2500.0
-4992.0,-2498.0
-4992.0,-2498.0
-4992.0,-2498.0
-5000.0,-2500.0
-5000.0,-2500.0
-4984.0,-2496.0
-5000.0,-2500.0
-4976.0,-2494.0
-4976.0,-2494.0
-5000.0,-2500.0
-5000.0,-2500.0
-4992.0,-2498.0
-4992.0,-2498.0
-5000.0,-2500.0
-4992.0,-2498.0
-5000.0,-2500.0
-4992.0,-2498.0
-4984.0,-2496.0
-4992.0,-2498.0
-5000.0,-2500.0
-4984.0,-2496.0
-4992.0,-2498.0
-5000.0,-2500.0
-4992.0,-2498.0
-4992.0,-2498.0
-4992.0,-2498.0
-4984.0,-2496.0
-5000.0,-2500.0
-5000.0,-2500.0
-4984.0,-2496.0
-4992.0,-2498.0
-5000.0,-2500.0
-5000.0,-2500.0
-4992.0,-2498.0
-4984.0,-2496.0
-5000.0,-2500.0
-5000.0,-2500.0
-5000.0,-2500.0
-5000.0,-2500.0
-4984.0,-2496.0
-5000.0,-2500.0
-4992.0,-2498.0
-5000.0,-2500.0
-4984.0,-2496.0
-4992.0,-2498.0
-4976.0,-2494.0
-4992.0,-2498.0
-4992.0,-2498.0
-4992.0,-2498.0
-5000.0,-2500.0
-4992.0,-2498.0
-4992.0,-2498.0
