-3980.0,-618.0
-4400.0,-864.0
-4568.0,-1020.0
-4604.0,-1066.0
-4656.0,-1078.0
-4712.0,-1138.0
-4708.0,-1228.0
-4732.0,-1358.0
-4744.0,-1378.0
-4748.0,-1358.0
-4776.0,-1394.0
-4748.0,-1488.0
-4764.0,-1560.0
-4796.0,-1626.0
-4808.0,-1704.0
-4800.0,-1724.0
-4816.0,-1772.0
-4824.0,-1812.0
-4808.0,-1840.0
-4840.0,-1928.0
-4832.0,-1904.0
-4844.0,-1950.0
-4840.0,-1970.0
-4856.0,-2062.0
-4864.0,-2104.0
-4884.0,-2214.0
-4868.0,-2260.0
-4892.0,-2302.0
-4900.0,-2342.0
-4936.0,-2398.0
-4956.0,-2452.0
-5000.0,-2500.0
-4992.0,-2498.0
-4984.0,-2496.0
-4992.0,-2498.0
-5000.0,-2500.0
-4992.0,-2498.0
-5000.0,-2500.0
-5000.0,-2500.0
-4984.0,-2496.0
-5000.0,-2500.0
-5000.0,-2500.0
-5000.0,-2500.0
-4992.0,-2498.0
-5000.0,-2500.0
-4992.0,-2498.0
-4992.0,-2498.0
-5000.0,-2500.0
-4992.0,-2498.0
-5000.0,-2500.0
-4992.0,-2498.0
-4992.0,-2498.0
-4984.0,-2496.0
-4984.0,-2496.0
-5000.0,-2500.0
-5000.0,-2500.0
-5000.0,-2500.0
-4976.0,-2494.0
-5000.0,-2500.0
-4984.0,-2496.0
-4992.0,-2498.0
-4992.0,-2498.0
-4992.0,-2498.0
-4984.0,-2496.0
-4992.0,-2498.0
-5000.0,-2500.0
-4976.0,-2494.0
-5000.0,-2500.0
-4992.0,-2498.0
-4992.0,-2498.0
-4992.0,-2498.0
-4992.0,-2498.0
-5000.0,-2500.0
-5000.0,-2500.0
-4992.0,-2498.0
-5000.0,-2500.0
-4984.0,-2496.0
-5000.0,-2500.0
-4984.0,-2496.0
-4984.0,-2496.0
-4984.0,-2496.0
-5000.0,-2500.0
-4992.0,-2498.0
-5000.0,-2500.0
-5000.0,-2500.0
-5000.0,-2500.0
-4992.0,-2498.0
-5000.0,-2500.0
-4992.0,-2498.0
-4992.0,-2498.0
-5000.0,-2500.0
-4992.0,-2498.0
-5000.0,-2500.0
-4988.0,-2496.0
-5000.0,-2500.0
-5000.0,-2500.0
-4992.0,-2498.0
-4992.0,-2498.0
-5000.0,-2500.0
-5000.0,-2500.0
-4992.0,-2498.0
-5000.0,-2500.0
-4980.0,-2494.0
-5000.0,-2500.0
-4992.0,-2498.0
-4992.0,-2498.0
-4984.0,-2496.0
-4984.0,-2496.0
-5000.0,-2500.0
-5000.0,-2500.0
-5000.0,-2500.0
-4992.0,-2498.0
-5000.0,-2500.0
-5000.0,-2500.0
-5000.0,-2500.0
-5000.0,-2500.0
-4976.0,-2494.0
-4992.0,-2498.0
-5000.0,-2500.0
-5000.0,-2500.0
-4992.0,-2498.0
-5000.0,-2500.0
-5000.0,-2500.0
-4992.0,-2498.0
-5000.0,-2500.0
-4992.0,-2498.0
-5000.0,-2500.0
-4992.0,-2498.0
-4992.0,-2498.0
-5000.0,-2500.0
-4992.0,-2498.0
-4992.0,-2498.0
-5000.0,-2500.0
-5000.0,-2500.0
-4992.0,-2498.0
-5000.0,-2500.0
-4992.0,-2498.0
-4984.0,-2496.0
-5000.0,-2500.0
-4992.0,-2498.0
-4992.0,-2498.0
-4992.0,-2498.0
-4984.0,-2496.0
-4992.0,-2498.0
-4984.0,-2496.0
-4992.0,-2498.0
-4976.0,-2494.0
-4984.0,-2496.0
-5000.0,-2500.0
-4976.0,-2494.0
-5000.0,-2500.0
-5000.0,-2500.0
-4992.0,-2498.0
-4992.0,-2498.0
-5000.0,-2500.0
-5000.0,-2500.0
-4992.0,-2498.0
-4992.0,-2498.0
-4992.0,-2498.0
-5000.0,-2500.0
-4984.0,-2496.0
-4984.0,-2496.0
-4992.0,-2498.0
-5000.0,-2500.0
-5000.0,-2500.0
-4984.0,-2496.0
-4992.0,-2498.0
-4992.0,-2498.0
-5000.0,-2500.0
-5000.0,-2500.0
-5000.0,-2500.0
-5000.0,-2500.0
-4992.0,-2498.0
-4984.0,-2496.0
-4968.0,-2492.0
-4992.0,-2498.0
-4992.0,-2498.0
-4992.0,-2498.0
-4960.0,-2488.0
-4992.0,-2498.0
-5000.0,-2500.0
-5000.0,-2500.0
-4992.0,-2498.0
-5000.0,-2500.0
-4992.0,-2498.0
-5000.0,-2500.0
-4984.0,-2496.0
-5000.0,-2500.0
-5000.0,-2500.0
-4992.0,-2498.0
-4992.0,-2498.0
-4976.0,-2494.0
-4992.0,-2498.0
-4988.0,-2496.0
-5000.0,-2500.0
-4992.0,-2498.0
-4984.0,-2496.0
-4992.0,-2498.0
-4992.0,-2498.0
-4984.0,-2496.0
-5000.0,-2500.0
-5000.0,-2500.0
-4992.0,-2498.0
-4992.0,-2498.0
-5000.0,-2500.0
-4992.0,-2498.0
-4992.0,-2498.0
-5000.0,-2500.0
-4976.0,-2494.0
-5000.0,-2500.0
-4992.0,-2498.0
-5000.0,-2500.0
-4984.0,-2496.0
-4992.0,-2498.0
-4992.0,-2498.0
-4992.0,-2498.0
-4984.0,-2496.0
-4992.0,-2498.0
-5000.0,-2500.0
-4992.0,-2498.0
-4992.0,-2498.0
-5000.0,-2500.0
-4984.0,-2496.0
-4992.0,-2498.0
-5000.0,-2500.0
-4968.0,-2492.0
-4992.0,-2498.0
-4992.0,-2498.0
-4992.0,-2498.0
-4992.0,-2498.0
-5000.0,-2500.0
-4984.0,-2496.0
-5000.0,-2500.0
-5000.0,-2500.0
-4992.0,-2498.0
-4984.0,-2496.0
-5000.0,-2500.0
-4988.0,-2496.0
-4992.0,-2498.0
-4984.0,-2496.0
-5000.0,-2500.0
-5000.0,-2500.0
-5000.0,-2500.0
-5000.0,-2500.0
-4992.0,-2498.0
-5000.0,-2500.0
-4992.0,-2498.0
-4992.0,-2498.0
-4992.0,-2498.0
-4992.0,-2498.0
-4992.0,-2498.0
-5000.0,-2500.0
-5000.0,-2500.0
-4984.0,-2496.0
-5000.0,-2500.0
-4976.0,-2494.0
-5000.0,-2500.0
-4992.0,-2498.0
-5000.0,-2500.0
-4992.0,-2498.0
-5000.0,-2500.0
-4992.0,-2498.0
-5000.0,-2500.0
-4992.0,-2498.0
-4992.0,-2498.0
-4992.0,-2498.0
-5000.0,-2500.0
-5000.0,-2500.0
-4992.0,-2498.0
-5000.0,-2500.0
-5000.0,-2500.0
-4992.0,-2498.0
-5000.0,-2500.0
-4984.0,-2496.0
-4992.0,-2498.0
-4984.0,-2496.0
-5000.0,-2500.0
-5000.0,-2500.0
-4992.0,-2498.0
-4992.0,-2498.0
-5000.0,-2500.0
-4992.0,-2498.0
-4976.0,-2494.0
-5000.0,-2500.0
-5000.0,-2500.0
-4984.0,-2496.0
-4976.0,-2494.0
-4992.0,-2498.0
-4992.0,-2498.0
-4972.0,-2492.0
-5000.0,-2500.0
-4992.0,-2498.0
-5000.0,-2500.0
-5000.0,-2500.0
-4984.0,-2496.0
-4988.0,-2496.0
-5000.0,-2500.0
-5000.0,-2500.0
-4992.0,-2498.0
-4992.0,-2498.0
-4992.0,-2498.0
-4984.0,-2496.0
-5000.0,-2500.0
-5000.0,-2500.0
-4984.0,-2496.0
-5000.0,-2500.0
-4992.0,-2498.0
-5000.0,-2500.0
-4992.0,-2498.0
-5000.0,-2500.0
-4992.0,-2498.0
-4992.0,-2498.0
-4992.0,-2498.0
-4984.0,-2496.0
-5000.0,-2500.0
-4992.0,-2498.0
-5000.0,-2500.0
-5000.0,-2500.0
-5000.0,-2500.0
-4992.0,-2498.0
-5000.0,-2500.0
-5000.0,-2500.0
-5000.0,-2500.0
-5000.0,-2500.0
-4992.0,-2498.0
-4992.0,-2498.0
-4992.0,-2498.0
-5000.0,-2500.0
-5000.0,-2500.0
-4992.0,-2498.0
-4992.0,-2498.0
-5000.0,-2500.0
-4980.0,-2494.0
-5000.0,-2500.0
-5000.0,-2500.0
-4984.0,-2496.0
-5000.0,-2500.0
-4992.0,-2498.0
-4992.0,-2498.0
-5000.0,-2500.0
-4988.0,-2496.0
-4972.0,-2492.0
-4992.0,-2498.0
-4992.0,-2498.0
-4984.0,-2496.0
-5000.0,-2500.0
-4984.0,-2496.0
-5000.0,-2500.0
-4976.0,-2494.0
-4984.0,-2496.0
-5000.0,-2500.0
-4984.0,-2496.0
-4992.0,-2498.0
-5000.0,-2500.0
-4992.0,-2498.0
-4992.0,-2498.0
-4992.0,-2498.0
-5000.0,-2500.0
-4992.0,-2498.0
-5000.0,-2500.0
-4984.0,-2496.0
-4984.0,-2496.0
-4984.0,-2496.0
-4976.0,-2494.0
-5000.0,-2500.0
-4992.0,-2498.0
-4976.0,-2494.0
-4992.0,-2498.0
-5000.0,-2500.0
-4984.0,-2496.0
-4992.0,-2498.0
-4976.0,-2494.0
-5000.0,-2500.0
-4992.0,-2498.0
-4964.0,-2490.0
-5000.0,-2500.0
-5000.0,-2500.0
-5000.0,-2500.0
-4984.0,-2496.0
-4984.0,-2496.0
-4992.0,-2498.0
-4992.0,-2498.0
-4992.0,-2498.0
-5000.0,-2500.0
-4992.0,-2498.0
-4984.0,-2496.0
-4992.0,-2498.0
-5000.0,-2500.0
-4976.0,-2494.0
-5000.0,-2500.0
-5000.0,-2500.0
-5000.0,-2500.0
-4992.0,-2498.0
-4984.0,-2496.0
-5000.0,-2500.0
-4992.0,-2498.0
-4992.0,-2498.0
-5000.0,-2500.0
-4992.0,-2498.0
-5000.0,-2500.0
-4992.0,-2498.0
-5000.0,-2500.0
-5000.0,-2500.0
-4992.0,-2498.0
-5000.0,-2500.0
-5000.0,-2500.0
-5000.0,-2500.0
-4992.0,-2498.0
-5000.0,-2500.0
-5000.0,-2500.0
-4984.0,-2496.0
-4984.0,-2496.0
-4992.0,-2498.0
-4984.0,-2496.0
-4976.0,-2494.0
-5000.0,-2500.0
-4992.0,-2498.0
-4992.0,-2498.0
-4992.0,-2498.0
-5000.0,-2500.0
-4992.0,-2498.0
-5000.0,-2500.0
-5000.0,-2500.0
-5000.0,-2500.0
-5000.0,-2500.0
-5000.0,-2500.0
-4984.0,-2496.0
-5000.0,-2500.0
-4992.0,-2498.0
-5000.0,-2500.0
-4988.0,-2496.0
-4984.0,-2496.0
-4992.0,-2498.0
-4992.0,-2498.0
-5000.0,-2500.0
-5000.0,-2500.0
-4992.0,-2498.0
-5000.0,-2500.0
-5000.0,-2500.0
-4984.0,-2496.0
-5000.0,-2500.0
-5000.0,-2500.0
-4992.0,-2498.0
-4984.0,-2496.0
-4992.0,-2498.0
-5000.0,-2500.0
-5000.0,-2500.0
-4992.0,-2498.0
-5000.0,-2500.0
-5000.0,-2500.0
-4984.0,-2496.0
-4992.0,-2498.0
-5000.0,-2500.0
-5000.0,-2500.0
-4992.0,-2498.0
-4992.0,-2498.0
-4976.0,-2494.0
-5000.0,-2500.0
-4992.0,-2498.0
-5000.0,-2500.0
-4992.0,-2498.0
-4984.0,-2496.0
-4976.0,-2494.0
-5000.0,-2500.0
-4984.0,-2496.0
-5000.0,-2500.0
-5000.0,-2500.0
-5000.0,-2500.0
-4976.0,-2494.0
-5000.0,-2500.0
-4992.0,-2498.0
-4968.0,-2492.0
-4964.0,-2490.0
-5000.0,-2500.0
-5000.0,-2500.0
-4992.0,-2498.0
-4992.0,-2498.0
-5000.0,-2500.0
-5000.0,-2500.0
-4992.0,-2498.0
-4992.0,-2498.0
-5000.0,-2500.0
-5000.0,-2500.0
-4992.0,-2498.0
-4992.0,-2498.0
-4992.0,-2498.0
-4984.0,-2496.0
-5000.0,-2500.0
-4984.0,-2496.0
-5000.0,-2500.0
-4976.0,-2494.0
-5000.0,-2500.0
-4992.0,-2498.0
-5000.0,-2500.0
-5000.0,-2500.0
-5000.0,-2500.0
-5000.0,-2500.0
-4992.0,-2498.0
-5000.0,-2500.0
-4984.0,-2496.0
-5000.0,-2500.0
-5000.0,-2500.0
-5000.0,-2500.0
-4992.0,-2498.0
-5000.0,-2500.0
-5000.0,-2500.0
-5000.0,-2500.0
-4992.0,-2498.0
-5000.0,-2500.0
-4992.0,-2498.0
-5000.0,-2500.0
-4992.0,-2498.0
-5000.0,-2500.0
-4984.0,-2496.0
-5000.0,-2500.0
-4984.0,-2496.0
-4992.0,-2498.0
-4976.0,-2494.0
-5000.0,-2500.0
-4976.0,-2494.0
-4992.0,-2498.0
-5000.0,-2500.0
-4992.0,-2498.0
-5000.0,-2500.0
-4984.0,-2496.0
-4976.0,-2494.0
-4992.0,-2498.0
-4992.0,-2498.0
-5000.0,-2500.0
-5000.0,-2500.0
-5000.0,-2500.0
-4984.0,-2496.0
-4992.0,-2498.0
-5000.0,-2500.0
-4984.0,-2496.0
-4992.0,-2498.0
-5000.0,-2500.0
-5000.0,-2500.0
-5000.0,-2500.0
-4984.0,-2496.0
-4984.0,-2496.0
-4984.0,-2496.0
-5000.0,-2500.0
-5000.0,-2500.0
-4992.0,-2498.0
-4992.0,-2498.0
-4992.0,-2498.0
-4976.0,-2494.0
-4992.0,-2498.0
-4992.0,-2498.0
-5000.0,-2500.0
-5000.0,-2500.0
-5000.0,-2500.0
-4976.0,-2494.0
-4992.0,-2498.0
-4992.0,-2498.0
-4992.0,-2498.0
-5000.0,-2500.0
-4984.0,-2496.0
-4984.0,-2496.0
-4992.0,-2498.0
-4992.0,-2498.0
-5000.0,-2500.0
-4984.0,-2496.0
-5000.0,-2500.0
-4976.0,-2494.0
-5000.0,-2500.0
-5000.0,-2500.0
-4992.0,-2498.0
-4992.0,-2498.0
-5000.0,-2500.0
-4984.0,-2496.0
-5000.0,-2500.0
-5000.0,-2500.0
-4992.0,-2498.0
-4992.0,-2498.0
-4992.0,-2498.0
-4992.0,-2498.0
-5000.0,-2500.0
-4984.0,-2496.0
-4992.0,-2498.0
-4988.0,-2496.0
-5000.0,-2500.0
-4992.0,-2498.0
-4992.0,-2498.0
-4984.0,-2496.0
-5000.0,-2500.0
-5000.0,-2500.0
-4984.0,-2496.0
-4992.0,-2498.0
-4992.0,-2498.0
-5000.0,-2500.0
-4992.0,-2498.0
-4992.0,-2498.0
-4992.0,-2498.0
-4960.0,-2490.0
-5000.0,-2500.0
-5000.0,-2500.0
-4992.0,-2498.0
-4992.0,-2498.0
-4992.0,-2498.0
-4992.0,-2498.0
-4984.0,-2496.0
-4992.0,-2498.0
-5000.0,-2500.0
-4992.0,-2498.0
-4992.0,-2498.0
-4984.0,-2496.0
-5000.0,-2500.0
-5000.0,-2500.0
-5000.0,-2500.0
-4988.0,-2496.0
-5000.0,-2500.0
-4992.0,-2498.0
-4976.0,-2494.0
-5000.0,-2500.0
-4992.0,-2498.0
-4984.0,-2496.0
-4976.0,-2494.0
-5000.0,-2500.0
-5000.0,-2500.0
-4992.0,-2498.0
-5000.0,-2500.0
-5000.0,-2500.0
-5000.0,-2500.0
-5000.0,-2500.0
-4992.0,-2498.0
-4992.0,-2498.0
-5000.0,-2500.0
-4992.0,-2498.0
-4992.0,-2498.0
-5000.0,-2500.0
-5000.0,-2500.0
-4992.0,-2498.0
-4984.0,-2496.0
-5000.0,-2500.0
-4984.0,-2496.0
-4992.0,-2498.0
-4984.0,-2496.0
-4984.0,-2496.0
-4984.0,-2496.0
-5000.0,-2500.0
-5000.0,-2500.0
-4984.0,-2496.0
-5000.0,-2500.0
-5000.0,-2500.0
-4992.0,-2498.0
-5000.0,-2500.0
-5000.0,-2500.0
-4984.0,-2496.0
-4992.0,-2498.0
-5000.0,-2500.0
-4976.0,-2494.0
-5000.0,-2500.0
-5000.0,-2500.0
-4992.0,-2498.0
-4992.0,-2498.0
-4992.0,-2498.0
-5000.0,-2500.0
-5000.0,-2500.0
-4992.0,-2498.0
-4992.0,-2498.0
-4976.0,-2494.0
-5000.0,-2500.0
-5000.0,-2500.0
-5000.0,-2500.0
-4984.0,-2496.0
-5000.0,-2500.0
-4976.0,-2494.0
-5000.0,-2500.0
-4984.0,-2496.0
-5000.0,-2500.0
-5000.0,-2500.0
-5000.0,-2500.0
-5000.0,-2500.0
-4992.0,-2498.0
-4992.0,-2498.0
-4992.0,-2498.0
-4992.0,-2498.0
-4992.0,-2498.0
-4992.0,-2498.0
-5000.0,-2500.0
-4984.0,-2496.0
-4992.0,-2498.0
-4992.0,-2498.0
-4984.0,-2496.0
-4992.0,-2498.0
-4984.0,-2496.0
-4992.0,-2498.0
-4992.0,-2498.0
-5000.0,-2500.0
-4992.0,-2498.0
-4992.0,-2498.0
-4992.0,-2498.0
-4976.0,-2492.0
-5000.0,-2500.0
-5000.0,-2500.0
-5000.0,-2500.0
-4992.0,-2498.0
-4992.0,-2498.0
-5000.0,-2500.0
-5000.0,-2500.0
-5000.0,-2500.0
-4980.0,-2494.0
-4992.0,-2498.0
-4984.0,-2496.0
-5000.0,-2500.0
-4992.0,-2498.0
-4968.0,-2492.0
-4992.0,-2498.0
-4992.0,-2498.0
-4992.0,-2498.0
-4992.0,-2498.0
-4984.0,-2496.0
-4992.0,-2498.0
-4984.0,-2496.0
-4992.0,-2498.0
-4992.0,-2498.0
-5000.0,-2500.0
-5000.0,-2500.0
-5000.0,-2500.0
-4992.0,-2498.0
-4992.0,-2498.0
-4992.0,-2498.0
-4992.0,-2498.0
-5000.0,-2500.0
-5000.0,-2500.0
-4984.0,-2496.0
-5000.0,-2500.0
-5000.0,-2500.0
-4992.0,-2498.0
-5000.0,-2500.0
-5000.0,-2500.0
-5000.0,-2500.0
-4984.0,-2496.0
-5000.0,-2500.0
-4984.0,-2496.0
-5000.0,-2500.0
-5000.0,-2500.0
-5000.0,-2500.0
-4984.0,-2496.0
-5000.0,-2500.0
-5000.0,-2500.0
-5000.0,-2500.0
-5000.0,-2500.0
-4984.0,-2496.0
-4984.0,-2496.0
-5000.0,-2500.0
-4992.0,-2498.0
-4992.0,-2498.0
-5000.0,-2500.0
-4984.0,-2496.0
-4984.0,-2496.0
-4984.0,-2496.0
-4976.0,-2492.0
-4992.0,-2498.0
-4992.0,-2498.0
-5000.0,-2500.0
-4992.0,-2498.0
-5000.0,-2500.0
-4992.0,-2498.0
-5000.0,-2500.0
-4992.0,-2498.0
-4984.0,-2496.0
-4992.0,-2498.0
-5000.0,-2500.0
-5000.0,-2500.0
-5000.0,-2500.0
-5000.0,-2500.0
-5000.0,-2500.0
-4984.0,-2496.0
-5000.0,-2500.0
-4992.0,-2498.0
-4992.0,-2498.0
-5000.0,-2500.0
-5000.0,-2500.0
-4992.0,-2498.0
-4992.0,-2498.0
-4976.0,-2492.0
-5000.0,-2500.0
-4992.0,-2498.0
-4992.0,-2498.0
-4980.0,-2494.0
-5000.0,-2500.0
-4984.0,-2496.0
-5000.0,-2500.0
-4992.0,-2498.0
-5000.0,-2500.0
-5000.0,-2500.0
-4972.0,-2492.0
-4964.0,-2490.0
-4984.0,-2496.0
-4984.0,-2496.0
-4992.0,-2498.0
-4992.0,-2498.0
-5000.0,-2500.0
-4992.0,-2498.0
-4984.0,-2496.0
-5000.0,-2500.0
-5000.0,-2500.0
-4976.0,-2494.0
-4984.0,-2496.0
-5000.0,-2500.0
-4976.0,-2494.0
-4992.0,-2498.0
-4968.0,-2492.0
-4992.0,-2498.0
-5000.0,-2500.0
-4984.0,-2496.0
-4992.0,-2498.0
-4984.0,-2496.0
-4984.0,-2496.0
-5000.0,-2500.0
-4992.0,-2498.0
-4992.0,-2498.0
-4992.0,-2498.0
-5000.0,-2500.0
-5000.0,-2500.0
-5000.0,-2500.0
-5000.0,-2500.0
-4992.0,-2498.0
-4992.0,-2498.0
-5000.0,-2500.0
-4992.0,-2498.0
-5000.0,-2500.0
-5000.0,-2500.0
-4984.0,-2496.0
-4992.0,-2498.0
-5000.0,-2500.0
-4992.0,-2498.0
-4992.0,-2498.0
-4992.0,-2498.0
-4992.0,-2498.0
-4992.0,-2498.0
-4992.0,-2498.0
-4992.0,-2498.0
-4992.0,-2498.0
-4984.0,-2496.0
-4992.0,-2498.0
-4992.0,-2498.0
-4992.0,-2498.0
-4992.0,-2498.0
-4984.0,-2496.0
-4992.0,-2498.0
-5000.0,-2500.0
-4992.0,-2498.0
-4992.0,-2498.0
-4992.0,-2498.0
-5000.0,-2500.0
-5000.0,-2500.0
-4992.0,-2498.0
-5000.0,-2500.0
-5000.0,-2500.0
-4992.0,-2498.0
-5000.0,-2500.0
-5000.0,-2500.0
-4992.0,-2498.0
-5000.0,-2500.0
-4984.0,-2496.0
-4976.0,-2494.0
-4992.0,-2498.0
-4992.0,-2498.0
-5000.0,-2500.0
-4992.0,-2498.0
-4992.0,-2498.0
-4984.0,-2496.0
-5000.0,-2500.0
-4992.0,-2498.0
-5000.0,-2500.0
-4992.0,-2498.0
-5000.0,-2500.0
-4968.0,-2492.0
-4976.0,-2494.0
-4992.0,-2498.0
-4992.0,-2498.0
-4976.0,-2494.0
-4992.0,-2498.0
-4976.0,-2494.0
-4976.0,-2494.0
-5000.0,-2500.0
-4988.0,-2496.0
-5000.0,-2500.0
-5000.0,-2500.0
-5000.0,-2500.0
-4980.0,-2494.0
-4992.0,-2498.0
-5000.0,-2500.0
-5000.0,-2500.0
-5000.0,-2500.0
-4992.0,-2498.0
-5000.0,-2500.0
-5000.0,-2500.0
-5000.0,-2500.0
-4992.0,-2498.0
-4984.0,-2496.0
-5000.0,-2500.0
-4984.0,-2496.0
-4992.0,-2498.0
-5000.0,-2500.0
-5000.0,-2500.0
-4976.0,-2494.0
-5000.0,-2500.0
-4992.0,-2498.0
-4992.0,-2498.0
-4984.0,-2496.0
-5000.0,-2500.0
-4976.0,-2494.0
-5000.0,-2500.0
-4992.0,-2498.0
-4992.0,-2498.0
-5000.0,-2500.0
-4988.0,-2496.0
-4968.0,-2490.0
-4988.0,-2496.0
-4984.0,-2496.0
-5000.0,-2500.0
-5000.0,-2500.0
-5000.0,-2500.0
-5000.0,-2500.0
-4992.0,-2498.0
-4992.0,-2498.0
-4976.0,-2494.0
-4976.0,-2494.0
-4984.0,-2496.0
-4984.0,-2496.0
-4992.0,-2498.0
-4992.0,-2498.0
-4976.0,-2494.0
-5000.0,-2500.0
-4992.0,-2498.0
-5000.0,-2500.0
-5000.0,-2500.0
-4992.0,-2498.0
-4992.0,-2498.0
-5000.0,-2500.0
-5000.0,-2500.0
-5000.0,-2500.0
-5000.0,-2500.0
-4992.0,-2498.0
-5000.0,-2500.0
-5000.0,-2500.0
-4992.0,-2498.0
-5000.0,-2500.0
-4992.0,-2498.0
-4992.0,-2498.0
-4992.0,-2498.0
-4992.0,-2498.0
-5000.0,-2500.0
-4992.0,-2498.0
-4992.0,-2498.0
-4992.0,-2498.0
-4984.0,-2496.0
-5000.0,-2500.0
-4992.0,-2498.0
-4984.0,-2496.0
-4968.0,-2492.0
-5000.0,-2500.0
-5000.0,-2500.0
-4992.0,-2498.0
-4984.0,-2496.0
-4992.0,-2498.0
-5000.0,-2500.0
-5000.0,-2500.0
-4992.0,-2498.0
-4992.0,-2498.0
-5000.0,-2500.0
-4992.0,-2498.0
-4992.0,-2498.0
-4992.0,-2498.0
-4992.0,-2498.0
-5000.0,-2500.0
-5000.0,-2500.0
-4964.0,-2490.0
-5000.0,-2500.0
-5000.0,-2500.0
-4976.0,-2494.0
-4984.0,-2496.0
-4992.0,-2498.0
-4992.0,-2498.0
-4976.0,-2494.0
-4976.0,-2494.0
-5000.0,-2500.0
-4992.0,-2498.0
-4992.0,-2498.0
-4992.0,-2498.0
-5000.0,-2500.0
-5000.0,-2500.0
-5000.0,-2500.0
-4992.0,-2498.0
-4972.0,-2492.0
-4960.0,-2490.0
-5000.0,-2500.0
-5000.0,-2500.0
-5000.0,-2500.0
-4984.0,-2496.0
-5000.0,-2500.0
-4992.0,-2498.0
-4992.0,-2498.0
-5000.0,-2500.0
-5000.0,-2500.0
-4984.0,-2496.0
-3640.0,44.0
-3944.0,44.0
-4060.0,44.0
-4160.0,44.0
-4228.0,44.0
-4272.0,44.0
-4312.0,44.0
-4312.0,44.0
-4320.0,44.0
-4344.0,44.0
-4356.0,44.0
-4364.0,44.0
-4344.0,44.0
-4384.0,44.0
-4388.0,44.0
-4392.0,44.0
-4412.0,44.0
-4420.0,44.0
-4448.0,44.0
-4460.0,44.0
-4464.0,44.0
-4456.0,44.0
-4468.0,44.0
-4496.0,44.0
-4512.0,44.0
-4496.0,44.0
-4508.0,44.0
-4508.0,44.0
-4516.0,44.0
-4524.0,44.0
-4528.0,44.0
-4516.0,44.0
-4512.0,44.0
-4536.0,44.0
-4544.0,44.0
-4552.0,44.0
-4548.0,44.0
-4544.0,44.0
-4536.0,44.0
-4548.0,44.0
-4552.0,44.0
-4564.0,44.0
-4560.0,44.0
-4540.0,44.0
-4556.0,44.0
-4564.0,44.0
-4560.0,44.0
-4592.0,44.0
-4592.0,44.0
-4588.0,44.0
-4596.0,44.0
-4600.0,44.0
-4604.0,44.0
-4608.0,44.0
-4600.0,44.0
-4600.0,44.0
-4596.0,44.0
-4596.0,44.0
-4584.0,44.0
-4600.0,44.0
-4584.0,44.0
-4600.0,44.0
-4600.0,44.0
-4604.0,44.0
-4620.0,44.0
-4620.0,44.0
-4632.0,44.0
-4644.0,44.0
-4644.0,44.0
-4640.0,44.0
-4640.0,44.0
-4648.0,44.0
-4632.0,44.0
-4632.0,44.0
-4620.0,44.0
-4648.0,44.0
-4652.0,44.0
-4644.0,44.0
-4676.0,44.0
-4660.0,44.0
-4656.0,44.0
-4664.0,44.0
-4660.0,44.0
-4660.0,44.0
-4652.0,44.0
-4652.0,44.0
-4644.0,44.0
-4660.0,44.0
-4656.0,44.0
-4652.0,44.0
-4640.0,44.0
-4640.0,44.0
-4652.0,44.0
-4648.0,44.0
-4652.0,44.0
-4660.0,44.0
-4652.0,44.0
-4652.0,44.0
-4668.0,44.0
-4668.0,44.0
-4680.0,44.0
-4680.0,44.0
-4680.0,44.0
-4680.0,44.0
-4676.0,44.0
-4680.0,44.0
-4688.0,44.0
-4672.0,44.0
-4656.0,44.0
-4640.0,44.0
-4680.0,44.0
-4676.0,44.0
-4672.0,44.0
-4672.0,44.0
-4676.0,44.0
-4688.0,44.0
-4692.0,44.0
-4688.0,44.0
-4688.0,44.0
-4692.0,44.0
-4692.0,44.0
-4688.0,44.0
-4684.0,44.0
-4672.0,44.0
-4676.0,44.0
-4676.0,44.0
-4668.0,44.0
-4684.0,44.0
-4688.0,44.0
-4696.0,44.0
-4672.0,44.0
-4672.0,44.0
-4684.0,44.0
-4688.0,44.0
-4700.0,44.0
-4692.0,44.0
-4692.0,44.0
-4708.0,44.0
-4700.0,44.0
-4716.0,44.0
-4712.0,44.0
-4716.0,44.0
-4712.0,44.0
-4716.0,44.0
-4712.0,44.0
-4708.0,44.0
-4704.0,44.0
-4696.0,44.0
-4688.0,44.0
-4700.0,44.0
-4688.0,44.0
-4696.0,44.0
-4704.0,44.0
-4696.0,44.0
-4696.0,44.0
-4700.0,44.0
-4692.0,44.0
-4688.0,44.0
-4684.0,44.0
-4684.0,44.0
-4656.0,44.0
-4676.0,44.0
-4688.0,44.0
-4672.0,44.0
-4672.0,44.0
-4672.0,44.0
-4672.0,44.0
-4684.0,44.0
-4696.0,44.0
-4684.0,44.0
-4692.0,44.0
-4704.0,44.0
-4712.0,44.0
-4712.0,44.0
-4708.0,44.0
-4692.0,44.0
-4692.0,44.0
-4692.0,44.0
-4696.0,44.0
-4696.0,44.0
-4688.0,44.0
-4696.0,44.0
-4704.0,44.0
-4692.0,44.0
-4704.0,44.0
-4712.0,44.0
-4696.0,44.0
-4700.0,44.0
-4708.0,44.0
-4708.0,44.0
-4712.0,44.0
-4716.0,44.0
-4700.0,44.0
-4696.0,44.0
-4712.0,44.0
-4692.0,44.0
-4684.0,44.0
-4708.0,44.0
-4696.0,44.0
-4708.0,44.0
-4716.0,44.0
-4728.0,44.0
-4716.0,44.0
-4692.0,44.0
-4704.0,44.0
-4716.0,44.0
-4720.0,44.0
-4704.0,44.0
-4712.0,44.0
-4712.0,44.0
-4696.0,44.0
-4708.0,44.0
-4704.0,44.0
-4708.0,44.0
-4712.0,44.0
-4708.0,44.0
-4704.0,44.0
-4712.0,44.0
-4720.0,44.0
-4716.0,44.0
-4712.0,44.0
-4704.0,44.0
-4716.0,44.0
-4716.0,44.0
-4712.0,44.0
-4708.0,44.0
-4700.0,44.0
-4692.0,44.0
-4692.0,44.0
-4704.0,44.0
-4700.0,44.0
-4704.0,44.0
-4708.0,44.0
-4708.0,44.0
-4724.0,44.0
-4712.0,44.0
-4728.0,44.0
-4716.0,44.0
-4708.0,44.0
-4708.0,44.0
-4712.0,44.0
-4700.0,44.0
-4696.0,44.0
-4712.0,44.0
-4712.0,44.0
-4716.0,44.0
-4720.0,44.0
-4720.0,44.0
-4728.0,44.0
-4732.0,44.0
-4720.0,44.0
-4708.0,44.0
-4720.0,44.0
-4712.0,44.0
-4716.0,44.0
-4712.0,44.0
-4700.0,44.0
-4716.0,44.0
-4712.0,44.0
-4712.0,44.0
-4724.0,44.0
-4716.0,44.0
-4724.0,44.0
-4712.0,44.0
-4720.0,44.0
-4716.0,44.0
-4716.0,44.0
-4724.0,44.0
-4728.0,44.0
-4728.0,44.0
-4724.0,44.0
-4720.0,44.0
-4720.0,44.0
-4704.0,44.0
-4704.0,44.0
-4708.0,44.0
-4704.0,44.0
-4684.0,44.0
-4676.0,44.0
-4676.0,44.0
-4696.0,44.0
-4704.0,44.0
-4696.0,44.0
-4696.0,44.0
-4712.0,44.0
-4708.0,44.0
-4712.0,44.0
-4708.0,44.0
-4716.0,44.0
-4724.0,44.0
-4728.0,44.0
-4720.0,44.0
-4732.0,44.0
-4732.0,44.0
-4716.0,44.0
-4712.0,44.0
-4716.0,44.0
-4720.0,44.0
-4724.0,44.0
-4712.0,44.0
-4720.0,44.0
-4716.0,44.0
-4708.0,44.0
-4712.0,44.0
-4708.0,44.0
-4700.0,44.0
-4712.0,44.0
-4728.0,44.0
-4720.0,44.0
-4732.0,44.0
-4736.0,44.0
-4732.0,44.0
-4736.0,44.0
-4732.0,44.0
-4724.0,44.0
-4724.0,44.0
-4744.0,44.0
-4740.0,44.0
-4740.0,44.0
-4724.0,44.0
-4724.0,44.0
-4728.0,44.0
-4724.0,44.0
-4736.0,44.0
-4728.0,44.0
-4736.0,44.0
-4732.0,44.0
-4736.0,44.0
-4748.0,44.0
-4752.0,44.0
-4748.0,44.0
-4740.0,44.0
-4736.0,44.0
-4740.0,44.0
-4736.0,44.0
-4732.0,44.0
-4744.0,44.0
-4740.0,44.0
-4720.0,44.0
-4716.0,44.0
-4724.0,44.0
-4704.0,44.0
-4712.0,44.0
-4712.0,44.0
-4688.0,44.0
-4692.0,44.0
-4720.0,44.0
-4724.0,44.0
-4732.0,44.0
-4744.0,44.0
-4728.0,44.0
-4724.0,44.0
-4724.0,44.0
-4720.0,44.0
-4708.0,44.0
-4724.0,44.0
-4728.0,44.0
-4736.0,44.0
-4724.0,44.0
-4728.0,44.0
-4728.0,44.0
-4740.0,44.0
-4748.0,44.0
-4744.0,44.0
-4744.0,44.0
-4732.0,44.0
-4720.0,44.0
-4728.0,44.0
-4740.0,44.0
-4744.0,44.0
-4744.0,44.0
-4744.0,44.0
-4740.0,44.0
-4748.0,44.0
-4748.0,44.0
-4744.0,44.0
-4748.0,44.0
-4740.0,44.0
-4736.0,44.0
-4732.0,44.0
-4732.0,44.0
-4740.0,44.0
-4736.0,44.0
-4736.0,44.0
-4724.0,44.0
-4716.0,44.0
-4716.0,44.0
-4724.0,44.0
-4732.0,44.0
-4732.0,44.0
-4724.0,44.0
-4728.0,44.0
-4744.0,44.0
-4736.0,44.0
-4728.0,44.0
-4736.0,44.0
-4740.0,44.0
-4744.0,44.0
-4744.0,44.0
-4748.0,44.0
-4744.0,44.0
-4728.0,44.0
-4732.0,44.0
-4752.0,44.0
-4740.0,44.0
-4736.0,44.0
-4716.0,44.0
-4720.0,44.0
-4712.0,44.0
-4716.0,44.0
-4728.0,44.0
-4732.0,44.0
-4732.0,44.0
-4716.0,44.0
-4712.0,44.0
-4720.0,44.0
-4724.0,44.0
-4708.0,44.0
-4732.0,44.0
-4740.0,44.0
-4744.0,44.0
-4748.0,44.0
-4744.0,44.0
-4728.0,44.0
-4736.0,44.0
-4744.0,44.0
-4744.0,44.0
-4756.0,44.0
-4756.0,44.0
-4752.0,44.0
-4760.0,44.0
-4760.0,44.0
-4756.0,44.0
-4764.0,44.0
-4764.0,44.0
-4760.0,44.0
-4752.0,44.0
-4736.0,44.0
-4732.0,44.0
-4740.0,44.0
-4732.0,44.0
-4744.0,44.0
-4756.0,44.0
-4760.0,44.0
-4736.0,44.0
-4756.0,44.0
-4760.0,44.0
-4764.0,44.0
-4756.0,44.0
-4768.0,44.0
-4756.0,44.0
-4768.0,44.0
-4768.0,44.0
-4776.0,44.0
-4768.0,44.0
-4768.0,44.0
-4764.0,44.0
-4768.0,44.0
-4756.0,44.0
-4760.0,44.0
-4756.0,44.0
-4756.0,44.0
-4764.0,44.0
-4768.0,44.0
-4776.0,44.0
-4772.0,44.0
-4768.0,44.0
-4768.0,44.0
-4768.0,44.0
-4744.0,44.0
-4744.0,44.0
-4740.0,44.0
-4744.0,44.0
-4748.0,44.0
-4740.0,44.0
-4748.0,44.0
-4752.0,44.0
-4764.0,44.0
-4748.0,44.0
-4756.0,44.0
-4760.0,44.0
-4760.0,44.0
-4760.0,44.0
-4752.0,44.0
-4760.0,44.0
-4756.0,44.0
-4764.0,44.0
-4764.0,44.0
-4760.0,44.0
-4752.0,44.0
-4752.0,44.0
-4756.0,44.0
-4756.0,44.0
-4756.0,44.0
-4756.0,44.0
-4756.0,44.0
-4744.0,44.0
-4760.0,44.0
-4756.0,44.0
-4744.0,44.0
-4744.0,44.0
-4740.0,44.0
-4748.0,44.0
-4744.0,44.0
-4740.0,44.0
-4724.0,44.0
-4736.0,44.0
-4740.0,44.0
-4740.0,44.0
-4744.0,44.0
-4740.0,44.0
-4744.0,44.0
-4744.0,44.0
-4748.0,44.0
-4744.0,44.0
-4748.0,44.0
-4752.0,44.0
-4752.0,44.0
-4748.0,44.0
-4748.0,44.0
-4728.0,44.0
-4728.0,44.0
-4732.0,44.0
-4720.0,44.0
-4728.0,44.0
-4736.0,44.0
-4736.0,44.0
-4744.0,44.0
-4740.0,44.0
-4736.0,44.0
-4748.0,44.0
-4748.0,44.0
-4752.0,44.0
-4744.0,44.0
-4744.0,44.0
-4740.0,44.0
-4744.0,44.0
-4740.0,44.0
-4740.0,44.0
-4744.0,44.0
-4744.0,44.0
-4748.0,44.0
-4744.0,44.0
-4744.0,44.0
-4736.0,44.0
-4732.0,44.0
-4740.0,44.0
-4736.0,44.0
-4736.0,44.0
-4756.0,44.0
-4752.0,44.0
-4752.0,44.0
-4752.0,44.0
-4732.0,44.0
-4748.0,44.0
-4740.0,44.0
-4732.0,44.0
-4732.0,44.0
-4728.0,44.0
-4728.0,44.0
-4732.0,44.0
-4732.0,44.0
-4724.0,44.0
-4728.0,44.0
-4736.0,44.0
-4732.0,44.0
-4736.0,44.0
-4728.0,44.0
-4748.0,44.0
-4740.0,44.0
-4744.0,44.0
-4732.0,44.0
-4736.0,44.0
-4736.0,44.0
-4732.0,44.0
-4728.0,44.0
-4748.0,44.0
-4740.0,44.0
-4736.0,44.0
-4744.0,44.0
-4748.0,44.0
-4732.0,44.0
-4748.0,44.0
-4748.0,44.0
-4744.0,44.0
-4744.0,44.0
-4736.0,44.0
-4720.0,44.0
-4724.0,44.0
-4732.0,44.0
-4740.0,44.0
-4744.0,44.0
-4740.0,44.0
-4736.0,44.0
-4724.0,44.0
-4740.0,44.0
-4740.0,44.0
-4728.0,44.0
-4736.0,44.0
-4728.0,44.0
-4736.0,44.0
-4732.0,44.0
-4736.0,44.0
-4740.0,44.0
-4740.0,44.0
-4732.0,44.0
-4728.0,44.0
-4728.0,44.0
-4728.0,44.0
-4732.0,44.0
-4728.0,44.0
-4704.0,44.0
-4716.0,44.0
-4696.0,44.0
-4696.0,44.0
-4700.0,44.0
-4720.0,44.0
-4724.0,44.0
-4724.0,44.0
-4724.0,44.0
-4736.0,44.0
-4732.0,44.0
-4748.0,44.0
-4748.0,44.0
-4736.0,44.0
-4744.0,44.0
-4744.0,44.0
-4736.0,44.0
-4728.0,44.0
-4712.0,44.0
-4712.0,44.0
-4740.0,44.0
-4740.0,44.0
-4736.0,44.0
-4720.0,44.0
-4740.0,44.0
-4740.0,44.0
-4728.0,44.0
-4736.0,44.0
-4744.0,44.0
-4744.0,44.0
-4740.0,44.0
-4748.0,44.0
-4740.0,44.0
-4748.0,44.0
-4736.0,44.0
-4740.0,44.0
-4736.0,44.0
-4736.0,44.0
-4732.0,44.0
-4732.0,44.0
-4744.0,44.0
-4732.0,44.0
-4728.0,44.0
-4728.0,44.0
-4744.0,44.0
-4732.0,44.0
-4740.0,44.0
-4748.0,44.0
-4744.0,44.0
-4744.0,44.0
-4740.0,44.0
-4728.0,44.0
-4728.0,44.0
-4732.0,44.0
-4736.0,44.0
-4748.0,44.0
-4744.0,44.0
-4748.0,44.0
-4760.0,44.0
-4752.0,44.0
-4744.0,44.0
-4740.0,44.0
-4740.0,44.0
-4752.0,44.0
-4756.0,44.0
-4752.0,44.0
-4752.0,44.0
-4740.0,44.0
-4752.0,44.0
-4740.0,44.0
-4744.0,44.0
-4728.0,44.0
-4732.0,44.0
-4728.0,44.0
-4732.0,44.0
-4728.0,44.0
-4740.0,44.0
-4716.0,44.0
-4728.0,44.0
-4728.0,44.0
-4736.0,44.0
-4736.0,44.0
-4732.0,44.0
-4736.0,44.0
-4736.0,44.0
-4732.0,44.0
-4728.0,44.0
-4732.0,44.0
-4732.0,44.0
-4732.0,44.0
-4744.0,44.0
-4728.0,44.0
-4720.0,44.0
-4728.0,44.0
-4720.0,44.0
-4736.0,44.0
-4740.0,44.0
-4724.0,44.0
-4728.0,44.0
-4724.0,44.0
-4708.0,44.0
-4708.0,44.0
-4728.0,44.0
-4740.0,44.0
-4736.0,44.0
-4712.0,44.0
-4724.0,44.0
-4728.0,44.0
-4740.0,44.0
-4736.0,44.0
-4740.0,44.0
-4732.0,44.0
-4724.0,44.0
-4704.0,44.0
-4720.0,44.0
-4728.0,44.0
-4728.0,44.0
-4728.0,44.0
-4744.0,44.0
-4736.0,44.0
-4720.0,44.0
-4728.0,44.0
-4736.0,44.0
-4732.0,44.0
-4748.0,44.0
-4748.0,44.0
-4764.0,44.0
-4760.0,44.0
-4756.0,44.0
-4752.0,44.0
-4764.0,44.0
-4748.0,44.0
-4748.0,44.0
-4736.0,44.0
-4756.0,44.0
-4756.0,44.0
-4752.0,44.0
-4764.0,44.0
-4764.0,44.0
-4760.0,44.0
-4760.0,44.0
-4752.0,44.0
-4740.0,44.0
-4740.0,44.0
-4740.0,44.0
-4732.0,44.0
-4736.0,44.0
-4732.0,44.0
-4728.0,44.0
-4716.0,44.0
-4712.0,44.0
-4740.0,44.0
-4748.0,44.0
-4740.0,44.0
-4728.0,44.0
-4732.0,44.0
-4732.0,44.0
-4744.0,44.0
-4760.0,44.0
-4756.0,44.0
-4756.0,44.0
-4752.0,44.0
-4752.0,44.0
-4736.0,44.0
-4748.0,44.0
-4744.0,44.0
-4732.0,44.0
-4740.0,44.0
-4748.0,44.0
-4744.0,44.0
-4748.0,44.0
-4748.0,44.0
-4740.0,44.0
-4748.0,44.0
-4744.0,44.0
-4744.0,44.0
-4732.0,44.0
-4728.0,44.0
-4736.0,44.0
-4728.0,44.0
-4716.0,44.0
-4724.0,44.0
-4716.0,44.0
-4724.0,44.0
-4732.0,44.0
-4732.0,44.0
-4740.0,44.0
-4724.0,44.0
-4708.0,44.0
-4732.0,44.0
-4732.0,44.0
-4752.0,44.0
-4740.0,44.0
-4748.0,44.0
-4752.0,44.0
-4748.0,44.0
-4748.0,44.0
-4744.0,44.0
-4744.0,44.0
-4740.0,44.0
-4732.0,44.0
-4732.0,44.0
-4736.0,44.0
-4724.0,44.0
-4716.0,44.0
-4720.0,44.0
-4724.0,44.0
-4716.0,44.0
-4724.0,44.0
-4724.0,44.0
-4728.0,44.0
-4724.0,44.0
-4724.0,44.0
-4724.0,44.0
-4728.0,44.0
-4732.0,44.0
-4748.0,44.0
-4732.0,44.0
-4740.0,44.0
-4740.0,44.0
-4744.0,44.0
-4752.0,44.0
-4756.0,44.0
-4756.0,44.0
-4756.0,44.0
-4764.0,44.0
-4760.0,44.0
-4756.0,44.0
-4764.0,44.0
-4764.0,44.0
-4744.0,44.0
-4728.0,44.0
-4736.0,44.0
-4740.0,44.0
-4744.0,44.0
-4748.0,44.0
-4736.0,44.0
-4740.0,44.0
-4744.0,44.0
-4748.0,44.0
-4748.0,44.0
-4752.0,44.0
-4736.0,44.0
-4728.0,44.0
-4744.0,44.0
-4740.0,44.0
-4736.0,44.0
-4744.0,44.0
-4740.0,44.0
-4728.0,44.0
-4736.0,44.0
-4752.0,44.0
-4744.0,44.0
-4764.0,44.0
-4760.0,44.0
-4744.0,44.0
-4748.0,44.0
-4756.0,44.0
-4756.0,44.0
-4752.0,44.0
-4760.0,44.0
-4760.0,44.0
-4760.0,44.0
-4752.0,44.0
-4756.0,44.0
-4748.0,44.0
-4748.0,44.0
-4740.0,44.0
-4744.0,44.0
-4752.0,44.0
-4740.0,44.0
-4736.0,44.0
-4740.0,44.0
-4744.0,44.0
-4748.0,44.0
-4744.0,44.0
-4748.0,44.0
-4748.0,44.0
-4740.0,44.0
-4732.0,44.0
-4736.0,44.0
-4740.0,44.0
-4736.0,44.0
-4728.0,44.0
-4732.0,44.0
-4736.0,44.0
-4736.0,44.0
-4736.0,44.0
-4740.0,44.0
-4732.0,44.0
-4724.0,44.0
-4732.0,44.0
-4732.0,44.0
-4732.0,44.0
-4736.0,44.0
-4736.0,44.0
-4720.0,44.0
-4716.0,44.0
-4720.0,44.0
-4740.0,44.0
-4732.0,44.0
-4740.0,44.0
-4728.0,44.0
-4732.0,44.0
-4732.0,44.0
-4744.0,44.0
-4744.0,44.0
-4740.0,44.0
-4740.0,44.0
-4740.0,44.0
-4740.0,44.0
-4740.0,44.0
-4752.0,44.0
-4752.0,44.0
-4748.0,44.0
-4748.0,44.0
-4744.0,44.0
-4736.0,44.0
-4740.0,44.0
-4728.0,44.0
-4724.0,44.0
-4732.0,44.0
-4724.0,44.0
-4740.0,44.0
-4736.0,44.0
-4732.0,44.0
-4748.0,44.0
-4740.0,44.0
-4728.0,44.0
-4728.0,44.0
-4740.0,44.0
-4740.0,44.0
-4744.0,44.0
-4744.0,44.0
-4736.0,44.0
-4732.0,44.0
-4736.0,44.0
-4732.0,44.0
-4716.0,44.0
-4728.0,44.0
-4716.0,44.0
-4712.0,44.0
-4732.0,44.0
-4720.0,44.0
-4728.0,44.0
-4720.0,44.0
-4716.0,44.0
-4720.0,44.0
-4720.0,44.0
-4728.0,44.0
-4728.0,44.0
-4740.0,44.0
-4744.0,44.0
-4736.0,44.0
-4744.0,44.0
-4740.0,44.0
-4732.0,44.0
-4724.0,44.0
-4736.0,44.0
-4744.0,44.0
-4736.0,44.0
-4740.0,44.0
-4736.0,44.0
-4732.0,44.0
-4736.0,44.0
-4744.0,44.0
-4736.0,44.0
-4736.0,44.0
-4736.0,44.0
-4736.0,44.0
-4732.0,44.0
-4728.0,44.0
-4732.0,44.0
-4744.0,44.0
-4732.0,44.0
-4716.0,44.0
-4744.0,44.0
-4748.0,44.0
-4752.0,44.0
-4752.0,44.0
-4752.0,44.0
-4748.0,44.0
-4732.0,44.0
-4732.0,44.0
-4728.0,44.0
-4732.0,44.0
-4728.0,44.0
-4724.0,44.0
-4716.0,44.0
-4732.0,44.0
