-4116.0,-198.0
-4348.0,-156.0
-4484.0,-128.0
-4544.0,-260.0
-4564.0,-338.0
-4636.0,-420.0
-4632.0,-422.0
-4620.0,-422.0
-4652.0,-492.0
-4648.0,-466.0
-4668.0,-530.0
-4652.0,-616.0
-4660.0,-688.0
-4688.0,-734.0
-4680.0,-678.0
-4684.0,-740.0
-4700.0,-788.0
-4692.0,-874.0
-4736.0,-1006.0
-4720.0,-1078.0
-4716.0,-1128.0
-4748.0,-1298.0
-4792.0,-1400.0
-4768.0,-1464.0
-4788.0,-1552.0
-4792.0,-1638.0
-4800.0,-1672.0
-4804.0,-1748.0
-4824.0,-1814.0
-4824.0,-1890.0
-4832.0,-1982.0
-4848.0,-2062.0
-4848.0,-2084.0
-4864.0,-2130.0
-4864.0,-2208.0
-4884.0,-2294.0
-4892.0,-2346.0
-4924.0,-2424.0
-4988.0,-2496.0
-5000.0,-2500.0
-4992.0,-2498.0
-5000.0,-2500.0
-4992.0,-2498.0
-4992.0,-2498.0
-4992.0,-2498.0
-4992.0,-2498.0
-4992.0,-2498.0
-4992.0,-2498.0
-4984.0,-2496.0
-5000.0,-2500.0
-4992.0,-2498.0
-4992.0,-2498.0
-5000.0,-2500.0
-5000.0,-2500.0
-5000.0,-2500.0
-4992.0,-2498.0
-4968.0,-2492.0
-4980.0,-2494.0
-5000.0,-2500.0
-4992.0,-2498.0
-5000.0,-2500.0
-5000.0,-2500.0
-5000.0,-2500.0
-5000.0,-2500.0
-4992.0,-2498.0
-5000.0,-2500.0
-5000.0,-2500.0
-4992.0,-2498.0
-5000.0,-2500.0
-5000.0,-2500.0
-4992.0,-2498.0
-5000.0,-2500.0
-5000.0,-2500.0
-4992.0,-2498.0
-5000.0,-2500.0
-5000.0,-2500.0
-5000.0,-2500.0
-4992.0,-2498.0
-4984.0,-2496.0
-4992.0,-2498.0
-4992.0,-2498.0
-4992.0,-2498.0
-4992.0,-2498.0
-4980.0,-2494.0
-5000.0,-2500.0
-4992.0,-2498.0
-5000.0,-2500.0
-4980.0,-2494.0
-4992.0,-2498.0
-5000.0,-2500.0
-4976.0,-2494.0
-4976.0,-2494.0
-5000.0,-2500.0
-4992.0,-2498.0
-4992.0,-2498.0
-5000.0,-2500.0
-4992.0,-2498.0
-4992.0,-2498.0
-4992.0,-2498.0
-5000.0,-2500.0
-5000.0,-2500.0
-5000.0,-2500.0
-5000.0,-2500.0
-5000.0,-2500.0
-4980.0,-2494.0
-4992.0,-2498.0
-4984.0,-2496.0
-4984.0,-2496.0
-5000.0,-2500.0
-4984.0,-2496.0
-4972.0,-2492.0
-4972.0,-2492.0
-4992.0,-2498.0
-4968.0,-2492.0
-4992.0,-2498.0
-4992.0,-2498.0
-5000.0,-2500.0
-5000.0,-2500.0
-4976.0,-2494.0
-4980.0,-2494.0
-4984.0,-2496.0
-5000.0,-2500.0
-4984.0,-2496.0
-5000.0,-2500.0
-5000.0,-2500.0
-5000.0,-2500.0
-5000.0,-2500.0
-4992.0,-2498.0
-4992.0,-2498.0
-4992.0,-2498.0
-4992.0,-2498.0
-4992.0,-2498.0
-4992.0,-2498.0
-4992.0,-2498.0
-5000.0,-2500.0
-5000.0,-2500.0
-4992.0,-2498.0
-4992.0,-2498.0
-4984.0,-2496.0
-4992.0,-2498.0
-4992.0,-2498.0
-4976.0,-2494.0
-4992.0,-2498.0
-5000.0,-2500.0
-4992.0,-2498.0
-5000.0,-2500.0
-5000.0,-2500.0
-4984.0,-2496.0
-4992.0,-2498.0
-5000.0,-2500.0
-4992.0,-2498.0
-5000.0,-2500.0
-5000.0,-2500.0
-5000.0,-2500.0
-5000.0,-2500.0
-4992.0,-2498.0
-4984.0,-2496.0
-4992.0,-2498.0
-4972.0,-2492.0
-4992.0,-2498.0
-4992.0,-2498.0
-5000.0,-2500.0
-4992.0,-2498.0
-4968.0,-2492.0
-5000.0,-2500.0
-4992.0,-2498.0
-5000.0,-2500.0
-5000.0,-2500.0
-4984.0,-2496.0
-4976.0,-2494.0
-4992.0,-2498.0
-5000.0,-2500.0
-5000.0,-2500.0
-5000.0,-2500.0
-4992.0,-2498.0
-5000.0,-2500.0
-4992.0,-2498.0
-4992.0,-2498.0
-5000.0,-2500.0
-4992.0,-2498.0
-4976.0,-2494.0
-4984.0,-2496.0
-4992.0,-2498.0
-5000.0,-2500.0
-5000.0,-2500.0
-4984.0,-2496.0
-4984.0,-2496.0
-5000.0,-2500.0
-4976.0,-2494.0
-4984.0,-2496.0
-4992.0,-2498.0
-4984.0,-2496.0
-4992.0,-2498.0
-5000.0,-2500.0
-5000.0,-2500.0
-5000.0,-2500.0
-5000.0,-2500.0
-5000.0,-2500.0
-5000.0,-2500.0
-4992.0,-2498.0
-5000.0,-2500.0
-4992.0,-2498.0
-5000.0,-2500.0
-5000.0,-2500.0
-5000.0,-2500.0
-5000.0,-2500.0
-5000.0,-2500.0
-4980.0,-2494.0
-5000.0,-2500.0
-4976.0,-2494.0
-4992.0,-2498.0
-5000.0,-2500.0
-5000.0,-2500.0
-4992.0,-2498.0
-4992.0,-2498.0
-5000.0,-2500.0
-4992.0,-2498.0
-4992.0,-2498.0
-5000.0,-2500.0
-4992.0,-2498.0
-4992.0,-2498.0
-4992.0,-2498.0
-4992.0,-2498.0
-4992.0,-2498.0
-4976.0,-2494.0
-4992.0,-2498.0
-5000.0,-2500.0
-5000.0,-2500.0
-5000.0,-2500.0
-4992.0,-2498.0
-5000.0,-2500.0
-4984.0,-2496.0
-4984.0,-2496.0
-4992.0,-2498.0
-4992.0,-2498.0
-5000.0,-2500.0
-4992.0,-2498.0
-5000.0,-2500.0
-4992.0,-2498.0
-4992.0,-2498.0
-4992.0,-2498.0
-4992.0,-2498.0
-5000.0,-2500.0
-4992.0,-2498.0
-4992.0,-2498.0
-5000.0,-2500.0
-5000.0,-2500.0
-4992.0,-2498.0
-5000.0,-2500.0
-4984.0,-2496.0
-4988.0,-2496.0
-4992.0,-2498.0
-4992.0,-2498.0
-4984.0,-2496.0
-4992.0,-2498.0
-5000.0,-2500.0
-5000.0,-2500.0
-5000.0,-2500.0
-4992.0,-2498.0
-5000.0,-2500.0
-5000.0,-2500.0
-4984.0,-2496.0
-4992.0,-2498.0
-5000.0,-2500.0
-4976.0,-2494.0
-4992.0,-2498.0
-5000.0,-2500.0
-4992.0,-2498.0
-4984.0,-2496.0
-4984.0,-2496.0
-4992.0,-2498.0
-5000.0,-2500.0
-4992.0,-2498.0
-5000.0,-2500.0
-4992.0,-2498.0
-5000.0,-2500.0
-4984.0,-2496.0
-5000.0,-2500.0
-4992.0,-2498.0
-5000.0,-2500.0
-4992.0,-2498.0
-4992.0,-2498.0
-4992.0,-2498.0
-5000.0,-2500.0
-5000.0,-2500.0
-4992.0,-2498.0
-4984.0,-2496.0
-5000.0,-2500.0
-4984.0,-2496.0
-5000.0,-2500.0
-5000.0,-2500.0
-5000.0,-2500.0
-4976.0,-2494.0
-4976.0,-2494.0
-5000.0,-2500.0
-4992.0,-2498.0
-4976.0,-2494.0
-5000.0,-2500.0
-4992.0,-2498.0
-4984.0,-2496.0
-4984.0,-2496.0
-4992.0,-2498.0
-5000.0,-2500.0
-4984.0,-2496.0
-5000.0,-2500.0
-4992.0,-2498.0
-5000.0,-2500.0
-5000.0,-2500.0
-5000.0,-2500.0
-4988.0,-2496.0
-4984.0,-2496.0
-4992.0,-2498.0
-4968.0,-2492.0
-4984.0,-2496.0
-4992.0,-2498.0
-4984.0,-2496.0
-4992.0,-2498.0
-5000.0,-2500.0
-5000.0,-2500.0
-5000.0,-2500.0
-4988.0,-2496.0
-5000.0,-2500.0
-5000.0,-2500.0
-4976.0,-2494.0
-4992.0,-2498.0
-4984.0,-2496.0
-4984.0,-2496.0
-4984.0,-2496.0
-4992.0,-2498.0
-4984.0,-2496.0
-5000.0,-2500.0
-5000.0,-2500.0
-5000.0,-2500.0
-5000.0,-2500.0
-5000.0,-2500.0
-5000.0,-2500.0
-4992.0,-2498.0
-4976.0,-2494.0
-5000.0,-2500.0
-4992.0,-2498.0
-5000.0,-2500.0
-4992.0,-2498.0
-4988.0,-2496.0
-4992.0,-2498.0
-5000.0,-2500.0
-5000.0,-2500.0
-4984.0,-2496.0
-5000.0,-2500.0
-4992.0,-2498.0
-4992.0,-2498.0
-4992.0,-2498.0
-4984.0,-2496.0
-4992.0,-2498.0
-4992.0,-2498.0
-4992.0,-2498.0
-4992.0,-2498.0
-5000.0,-2500.0
-4984.0,-2496.0
-4992.0,-2498.0
-4984.0,-2496.0
-4992.0,-2498.0
-4976.0,-2494.0
-5000.0,-2500.0
-4992.0,-2498.0
-5000.0,-2500.0
-4984.0,-2496.0
-4976.0,-2494.0
-4992.0,-2498.0
-5000.0,-2500.0
-5000.0,-2500.0
-5000.0,-2500.0
-5000.0,-2500.0
-4992.0,-2498.0
-5000.0,-2500.0
-4976.0,-2494.0
-5000.0,-2500.0
-4992.0,-2498.0
-4992.0,-2498.0
-4988.0,-2496.0
-4984.0,-2496.0
-5000.0,-2500.0
-5000.0,-2500.0
-4992.0,-2498.0
-4992.0,-2498.0
-5000.0,-2500.0
-5000.0,-2500.0
-4984.0,-2496.0
-5000.0,-2500.0
-4992.0,-2498.0
-5000.0,-2500.0
-4984.0,-2496.0
-5000.0,-2500.0
-5000.0,-2500.0
-4972.0,-2492.0
-5000.0,-2500.0
-5000.0,-2500.0
-4984.0,-2496.0
-4992.0,-2498.0
-5000.0,-2500.0
-4992.0,-2498.0
-4980.0,-2494.0
-4992.0,-2498.0
-4972.0,-2492.0
-4992.0,-2498.0
-4992.0,-2498.0
-5000.0,-2500.0
-4992.0,-2498.0
-4992.0,-2498.0
-4992.0,-2498.0
-5000.0,-2500.0
-4984.0,-2496.0
-4992.0,-2498.0
-4992.0,-2498.0
-4992.0,-2498.0
-4992.0,-2498.0
-5000.0,-2500.0
-4984.0,-2496.0
-5000.0,-2500.0
-4984.0,-2496.0
-4992.0,-2498.0
-4992.0,-2498.0
-5000.0,-2500.0
-4980.0,-2494.0
-5000.0,-2500.0
-4992.0,-2498.0
-4984.0,-2496.0
-5000.0,-2500.0
-4992.0,-2498.0
-4992.0,-2498.0
-5000.0,-2500.0
-4984.0,-2496.0
-4984.0,-2496.0
-4992.0,-2498.0
-4992.0,-2498.0
-4984.0,-2496.0
-4992.0,-2498.0
-4984.0,-2496.0
-4972.0,-2492.0
-5000.0,-2500.0
-4976.0,-2494.0
-4992.0,-2498.0
-4992.0,-2498.0
-4992.0,-2498.0
-5000.0,-2500.0
-4992.0,-2498.0
-4992.0,-2498.0
-4992.0,-2498.0
-4984.0,-2496.0
-4992.0,-2498.0
-4992.0,-2498.0
-4992.0,-2498.0
-4980.0,-2494.0
-5000.0,-2500.0
-4992.0,-2498.0
-4992.0,-2498.0
-4992.0,-2498.0
-4992.0,-2498.0
-5000.0,-2500.0
-4992.0,-2498.0
-4992.0,-2498.0
-4972.0,-2492.0
-4984.0,-2496.0
-5000.0,-2500.0
-5000.0,-2500.0
-4984.0,-2496.0
-5000.0,-2500.0
-5000.0,-2500.0
-5000.0,-2500.0
-5000.0,-2500.0
-5000.0,-2500.0
-5000.0,-2500.0
-4976.0,-2494.0
-4992.0,-2498.0
-4992.0,-2498.0
-5000.0,-2500.0
-5000.0,-2500.0
-4984.0,-2496.0
-4992.0,-2498.0
-5000.0,-2500.0
-4992.0,-2498.0
-4992.0,-2498.0
-4992.0,-2498.0
-4992.0,-2498.0
-5000.0,-2500.0
-4992.0,-2498.0
-5000.0,-2500.0
-4984.0,-2496.0
-5000.0,-2500.0
-4992.0,-2498.0
-5000.0,-2500.0
-4984.0,-2496.0
-4960.0,-2490.0
-4988.0,-2496.0
-4992.0,-2498.0
-4992.0,-2498.0
-5000.0,-2500.0
-4992.0,-2498.0
-4992.0,-2498.0
-4992.0,-2498.0
-4976.0,-2494.0
-4984.0,-2496.0
-4992.0,-2498.0
-4992.0,-2498.0
-4992.0,-2498.0
-4992.0,-2498.0
-4992.0,-2498.0
-5000.0,-2500.0
-4992.0,-2498.0
-5000.0,-2500.0
-4984.0,-2496.0
-5000.0,-2500.0
-4992.0,-2498.0
-5000.0,-2500.0
-4992.0,-2498.0
-4988.0,-2496.0
-4976.0,-2494.0
-4992.0,-2498.0
-5000.0,-2500.0
-5000.0,-2500.0
-4992.0,-2498.0
-4992.0,-2498.0
-5000.0,-2500.0
-4992.0,-2498.0
-4976.0,-2494.0
-5000.0,-2500.0
-5000.0,-2500.0
-4992.0,-2498.0
-4968.0,-2492.0
-5000.0,-2500.0
-4984.0,-2496.0
-5000.0,-2500.0
-5000.0,-2500.0
-5000.0,-2500.0
-4992.0,-2498.0
-4992.0,-2498.0
-4992.0,-2498.0
-5000.0,-2500.0
-5000.0,-2500.0
-5000.0,-2500.0
-5000.0,-2500.0
-5000.0,-2500.0
-5000.0,-2500.0
-4992.0,-2498.0
-4984.0,-2496.0
-5000.0,-2500.0
-4992.0,-2498.0
-4984.0,-2496.0
-4984.0,-2496.0
-5000.0,-2500.0
-5000.0,-2500.0
-4992.0,-2498.0
-4992.0,-2498.0
-4992.0,-2498.0
-5000.0,-2500.0
-4992.0,-2498.0
-4984.0,-2496.0
-4976.0,-2494.0
-4992.0,-2498.0
-5000.0,-2500.0
-4992.0,-2498.0
-4992.0,-2498.0
-4992.0,-2498.0
-5000.0,-2500.0
-4992.0,-2498.0
-4988.0,-2496.0
-5000.0,-2500.0
-5000.0,-2500.0
-4992.0,-2498.0
-4992.0,-2498.0
-4992.0,-2498.0
-4992.0,-2498.0
-4992.0,-2498.0
-4992.0,-2498.0
-4992.0,-2498.0
-4992.0,-2498.0
-5000.0,-2500.0
-4984.0,-2496.0
-4984.0,-2496.0
-4992.0,-2498.0
-5000.0,-2500.0
-4984.0,-2496.0
-5000.0,-2500.0
-4992.0,-2498.0
-4992.0,-2498.0
-5000.0,-2500.0
-4984.0,-2496.0
-5000.0,-2500.0
-4976.0,-2494.0
-4992.0,-2498.0
-4992.0,-2498.0
-5000.0,-2500.0
-5000.0,-2500.0
-5000.0,-2500.0
-5000.0,-2500.0
-4960.0,-2490.0
-4992.0,-2498.0
-4992.0,-2498.0
-4984.0,-2496.0
-5000.0,-2500.0
-4976.0,-2494.0
-4976.0,-2494.0
-4976.0,-2494.0
-5000.0,-2500.0
-5000.0,-2500.0
-4984.0,-2496.0
-4984.0,-2496.0
-4984.0,-2496.0
-5000.0,-2500.0
-4984.0,-2496.0
-5000.0,-2500.0
-5000.0,-2500.0
-5000.0,-2500.0
-5000.0,-2500.0
-5000.0,-2500.0
-5000.0,-2500.0
-4980.0,-2494.0
-5000.0,-2500.0
-4992.0,-2498.0
-4992.0,-2498.0
-5000.0,-2500.0
-4992.0,-2498.0
-4992.0,-2498.0
-4992.0,-2498.0
-4992.0,-2498.0
-5000.0,-2500.0
-4984.0,-2496.0
-5000.0,-2500.0
-4984.0,-2496.0
-5000.0,-2500.0
-5000.0,-2500.0
-5000.0,-2500.0
-4992.0,-2498.0
-5000.0,-2500.0
-4984.0,-2496.0
-5000.0,-2500.0
-5000.0,-2500.0
-4984.0,-2496.0
-4992.0,-2498.0
-5000.0,-2500.0
-5000.0,-2500.0
-4992.0,-2498.0
-5000.0,-2500.0
-4992.0,-2498.0
-5000.0,-2500.0
-5000.0,-2500.0
-5000.0,-2500.0
-5000.0,-2500.0
-4984.0,-2496.0
-5000.0,-2500.0
-4976.0,-2494.0
-5000.0,-2500.0
-5000.0,-2500.0
-4980.0,-2494.0
-4992.0,-2498.0
-5000.0,-2500.0
-4992.0,-2498.0
-4976.0,-2494.0
-4988.0,-2496.0
-5000.0,-2500.0
-4992.0,-2498.0
-4992.0,-2498.0
-4984.0,-2496.0
-4976.0,-2494.0
-4992.0,-2498.0
-4984.0,-2496.0
-4984.0,-2496.0
-4984.0,-2496.0
-5000.0,-2500.0
-5000.0,-2500.0
-5000.0,-2500.0
-4992.0,-2498.0
-4984.0,-2496.0
-4992.0,-2498.0
-4984.0,-2496.0
-5000.0,-2500.0
-5000.0,-2500.0
-5000.0,-2500.0
-5000.0,-2500.0
-4980.0,-2494.0
-5000.0,-2500.0
-4992.0,-2498.0
-4992.0,-2498.0
-5000.0,-2500.0
-4984.0,-2496.0
-5000.0,-2500.0
-4992.0,-2498.0
-4992.0,-2498.0
-5000.0,-2500.0
-5000.0,-2500.0
-5000.0,-2500.0
-4984.0,-2496.0
-4992.0,-2498.0
-4992.0,-2498.0
-5000.0,-2500.0
-4992.0,-2498.0
-5000.0,-2500.0
-5000.0,-2500.0
-4992.0,-2498.0
-5000.0,-2500.0
-4992.0,-2498.0
-4976.0,-2494.0
-5000.0,-2500.0
-4992.0,-2498.0
-4976.0,-2494.0
-4984.0,-2496.0
-5000.0,-2500.0
-5000.0,-2500.0
-5000.0,-2500.0
-4992.0,-2498.0
-4984.0,-2496.0
-5000.0,-2500.0
-4992.0,-2498.0
-4992.0,-2498.0
-5000.0,-2500.0
-5000.0,-2500.0
-5000.0,-2500.0
-5000.0,-2500.0
-4984.0,-2496.0
-4992.0,-2498.0
-4992.0,-2498.0
-5000.0,-2500.0
-4992.0,-2498.0
-5000.0,-2500.0
-4976.0,-2494.0
-4984.0,-2496.0
-4992.0,-2498.0
-4992.0,-2498.0
-4976.0,-2494.0
-5000.0,-2500.0
-5000.0,-2500.0
-5000.0,-2500.0
-4992.0,-2498.0
-5000.0,-2500.0
-5000.0,-2500.0
-4984.0,-2496.0
-5000.0,-2500.0
-5000.0,-2500.0
-5000.0,-2500.0
-5000.0,-2500.0
-5000.0,-2500.0
-4984.0,-2496.0
-5000.0,-2500.0
-4968.0,-2492.0
-5000.0,-2500.0
-4992.0,-2498.0
-5000.0,-2500.0
-4992.0,-2498.0
-5000.0,-2500.0
-5000.0,-2500.0
-5000.0,-2500.0
-5000.0,-2500.0
-5000.0,-2500.0
-5000.0,-2500.0
-4992.0,-2498.0
-5000.0,-2500.0
-5000.0,-2500.0
-4984.0,-2496.0
-5000.0,-2500.0
-4992.0,-2498.0
-5000.0,-2500.0
-5000.0,-2500.0
-4992.0,-2498.0
-5000.0,-2500.0
-5000.0,-2500.0
-5000.0,-2500.0
-4992.0,-2498.0
-5000.0,-2500.0
-4984.0,-2496.0
-4992.0,-2498.0
-4984.0,-2496.0
-5000.0,-2500.0
-4992.0,-2498.0
-4992.0,-2498.0
-4992.0,-2498.0
-4992.0,-2498.0
-5000.0,-2500.0
-4992.0,-2498.0
-4992.0,-2498.0
-4992.0,-2498.0
-5000.0,-2500.0
-5000.0,-2500.0
-5000.0,-2500.0
-4992.0,-2498.0
-4992.0,-2498.0
-5000.0,-2500.0
-4992.0,-2498.0
-4992.0,-2498.0
-5000.0,-2500.0
-5000.0,-2500.0
-4992.0,-2498.0
-5000.0,-2500.0
-4992.0,-2498.0
-4992.0,-2498.0
-4976.0,-2494.0
-4976.0,-2494.0
-5000.0,-2500.0
-4992.0,-2498.0
-5000.0,-2500.0
-4984.0,-2496.0
-4972.0,-2492.0
-4992.0,-2498.0
-4992.0,-2498.0
-5000.0,-2500.0
-5000.0,-2500.0
-4992.0,-2498.0
-4984.0,-2496.0
-4984.0,-2496.0
-4976.0,-2494.0
-5000.0,-2500.0
-5000.0,-2500.0
-5000.0,-2500.0
-5000.0,-2500.0
-4988.0,-2496.0
-4992.0,-2498.0
-4992.0,-2498.0
-5000.0,-2500.0
-4984.0,-2496.0
-4992.0,-2498.0
-4992.0,-2498.0
-5000.0,-2500.0
-5000.0,-2500.0
-4984.0,-2496.0
-5000.0,-2500.0
-5000.0,-2500.0
-5000.0,-2500.0
-4992.0,-2498.0
-4984.0,-2496.0
-4992.0,-2498.0
-5000.0,-2500.0
-4992.0,-2498.0
-4992.0,-2498.0
-4992.0,-2498.0
-5000.0,-2500.0
-5000.0,-2500.0
-5000.0,-2500.0
-4992.0,-2498.0
-5000.0,-2500.0
-5000.0,-2500.0
-4988.0,-2496.0
-5000.0,-2500.0
-4992.0,-2498.0
-4992.0,-2498.0
-4976.0,-2494.0
-4992.0,-2498.0
-5000.0,-2500.0
-4992.0,-2498.0
-4992.0,-2498.0
-4992.0,-2498.0
-4992.0,-2498.0
-4992.0,-2498.0
-5000.0,-2500.0
-5000.0,-2500.0
-5000.0,-2500.0
-4988.0,-2496.0
-4976.0,-2494.0
-5000.0,-2500.0
-5000.0,-2500.0
-4984.0,-2496.0
-5000.0,-2500.0
-4984.0,-2496.0
-5000.0,-2500.0
-5000.0,-2500.0
-4988.0,-2496.0
-5000.0,-2500.0
-4984.0,-2496.0
-4992.0,-2498.0
-4992.0,-2498.0
-4992.0,-2498.0
-4992.0,-2498.0
-5000.0,-2500.0
-4992.0,-2498.0
-4992.0,-2498.0
-4992.0,-2498.0
-5000.0,-2500.0
-4992.0,-2498.0
-4984.0,-2496.0
-4976.0,-2494.0
-4992.0,-2498.0
-5000.0,-2500.0
-4992.0,-2498.0
-4992.0,-2498.0
-4984.0,-2496.0
-5000.0,-2500.0
-4980.0,-2494.0
-4980.0,-2494.0
-5000.0,-2500.0
-5000.0,-2500.0
-5000.0,-2500.0
-5000.0,-2500.0
-5000.0,-2500.0
-4992.0,-2498.0
-4984.0,-2496.0
-5000.0,-2500.0
-5000.0,-2500.0
-4984.0,-2496.0
-5000.0,-2500.0
-4992.0,-2498.0
-5000.0,-2500.0
-4980.0,-2494.0
-4988.0,-2496.0
-4992.0,-2498.0
-4984.0,-2496.0
-4992.0,-2498.0
-5000.0,-2500.0
-4984.0,-2496.0
-5000.0,-2500.0
-4960.0,-2490.0
-5000.0,-2500.0
-4984.0,-2496.0
-5000.0,-2500.0
-5000.0,-2500.0
-5000.0,-2500.0
-5000.0,-2500.0
-4992.0,-2498.0
-4976.0,-2494.0
-4984.0,-2496.0
-5000.0,-2500.0
-4992.0,-2498.0
-4992.0,-2498.0
-5000.0,-2500.0
-5000.0,-2500.0
-5000.0,-2500.0
-5000.0,-2500.0
-5000.0,-2500.0
-5000.0,-2500.0
-4992.0,-2498.0
-4992.0,-2498.0
-4984.0,-2496.0
-5000.0,-2500.0
-5000.0,-2500.0
-4992.0,-2498.0
-4992.0,-2498.0
-4980.0,-2494.0
-5000.0,-2500.0
-4980.0,-2494.0
-5000.0,-2500.0
-4992.0,-2498.0
-5000.0,-2500.0
-5000.0,-2500.0
-5000.0,-2500.0
-5000.0,-2500.0
-4992.0,-2498.0
-5000.0,-2500.0
-4984.0,-2496.0
-4992.0,-2498.0
-5000.0,-2500.0
-5000.0,-2500.0
-4992.0,-2498.0
-5000.0,-2500.0
-5000.0,-2500.0
-5000.0,-2500.0
-5000.0,-2500.0
-4992.0,-2498.0
-5000.0,-2500.0
-5000.0,-2500.0
-5000.0,-2500.0
-5000.0,-2500.0
-5000.0,-2500.0
-5000.0,-2500.0
-4976.0,-2494.0
-5000.0,-2500.0
-4992.0,-2498.0
-4992.0,-2498.0
-5000.0,-2500.0
-5000.0,-2500.0
-4984.0,-2496.0
-5000.0,-2500.0
-4984.0,-2496.0
-4984.0,-2496.0
-5000.0,-2500.0
-5000.0,-2500.0
-5000.0,-2500.0
-4992.0,-2498.0
-5000.0,-2500.0
-4992.0,-2498.0
-5000.0,-2500.0
-5000.0,-2500.0
-5000.0,-2500.0
-4992.0,-2498.0
-5000.0,-2500.0
-4992.0,-2498.0
-4984.0,-2496.0
-5000.0,-2500.0
-4984.0,-2496.0
-4984.0,-2496.0
-4992.0,-2498.0
-4984.0,-2496.0
-4984.0,-2496.0
-4992.0,-2498.0
-4984.0,-2496.0
-5000.0,-2500.0
-5000.0,-2500.0
-5000.0,-2500.0
-5000.0,-2500.0
-4984.0,-2496.0
-4992.0,-2498.0
-5000.0,-2500.0
-4984.0,-2496.0
-5000.0,-2500.0
-4992.0,-2498.0
-4992.0,-2498.0
