-3936.0,300.0
-4280.0,502.0
-4376.0,676.0
-4516.0,982.0
-4584.0,1040.0
-4608.0,1130.0
-4648.0,1094.0
-4648.0,1096.0
-4688.0,1132.0
-4716.0,1234.0
-4732.0,1260.0
-4740.0,1232.0
-4736.0,1326.0
-4760.0,1418.0
-4760.0,1454.0
-4740.0,1470.0
-4756.0,1474.0
-4768.0,1482.0
-4764.0,1514.0
-4748.0,1574.0
-4772.0,1572.0
-4776.0,1664.0
-4772.0,1732.0
-4800.0,1768.0
-4812.0,1752.0
-4800.0,1810.0
-4832.0,1892.0
-4828.0,1976.0
-4840.0,2074.0
-4848.0,2100.0
-4868.0,2146.0
-4852.0,2154.0
-4856.0,2242.0
-4896.0,2278.0
-4904.0,2330.0
-4912.0,2364.0
-4944.0,2438.0
-4992.0,2498.0
-4992.0,2498.0
-4992.0,2498.0
-4992.0,2498.0
-4992.0,2498.0
-5000.0,2500.0
-5000.0,2500.0
-4976.0,2494.0
-4984.0,2496.0
-4992.0,2498.0
-5000.0,2500.0
-4992.0,2498.0
-5000.0,2500.0
-5000.0,2500.0
-4992.0,2498.0
-5000.0,2500.0
-5000.0,2500.0
-4992.0,2498.0
-4980.0,2494.0
-4984.0,2496.0
-5000.0,2500.0
-5000.0,2500.0
-4992.0,2498.0
-4984.0,2496.0
-4992.0,2498.0
-5000.0,2500.0
-4992.0,2498.0
-5000.0,2500.0
-5000.0,2500.0
-4984.0,2496.0
-5000.0,2500.0
-4992.0,2498.0
-4992.0,2498.0
-5000.0,2500.0
-4992.0,2498.0
-4992.0,2498.0
-5000.0,2500.0
-5000.0,2500.0
-4984.0,2496.0
-5000.0,2500.0
-4992.0,2498.0
-5000.0,2500.0
-4992.0,2498.0
-4992.0,2498.0
-5000.0,2500.0
-5000.0,2500.0
-4992.0,2498.0
-5000.0,2500.0
-4968.0,2492.0
-4992.0,2498.0
-5000.0,2500.0
-4992.0,2498.0
-5000.0,2500.0
-5000.0,2500.0
-4992.0,2498.0
-5000.0,2500.0
-5000.0,2500.0
-5000.0,2500.0
-4988.0,2496.0
-4992.0,2498.0
-4992.0,2498.0
-5000.0,2500.0
-5000.0,2500.0
-4984.0,2496.0
-4984.0,2496.0
-4988.0,2496.0
-5000.0,2500.0
-5000.0,2500.0
-5000.0,2500.0
-5000.0,2500.0
-4992.0,2498.0
-4992.0,2498.0
-5000.0,2500.0
-4992.0,2498.0
-4988.0,2496.0
-4992.0,2498.0
-4984.0,2496.0
-4992.0,2498.0
-4992.0,2498.0
-4992.0,2498.0
-5000.0,2500.0
-5000.0,2500.0
-4992.0,2498.0
-4992.0,2498.0
-4984.0,2496.0
-4992.0,2498.0
-4984.0,2496.0
-5000.0,2500.0
-5000.0,2500.0
-5000.0,2500.0
-4992.0,2498.0
-4992.0,2498.0
-4984.0,2496.0
-5000.0,2500.0
-4992.0,2498.0
-5000.0,2500.0
-5000.0,2500.0
-5000.0,2500.0
-4992.0,2498.0
-5000.0,2500.0
-4992.0,2498.0
-5000.0,2500.0
-5000.0,2500.0
-5000.0,2500.0
-4992.0,2498.0
-4976.0,2494.0
-4972.0,2492.0
-5000.0,2500.0
-4976.0,2494.0
-4992.0,2498.0
-5000.0,2500.0
-4984.0,2496.0
-5000.0,2500.0
-5000.0,2500.0
-4992.0,2498.0
-4992.0,2498.0
-5000.0,2500.0
-4992.0,2498.0
-4992.0,2498.0
-5000.0,2500.0
-5000.0,2500.0
-5000.0,2500.0
-4992.0,2498.0
-4992.0,2498.0
-5000.0,2500.0
-4984.0,2496.0
-5000.0,2500.0
-5000.0,2500.0
-4984.0,2496.0
-4984.0,2496.0
-4984.0,2496.0
-5000.0,2500.0
-5000.0,2500.0
-5000.0,2500.0
-4992.0,2498.0
-4984.0,2496.0
-5000.0,2500.0
-4992.0,2498.0
-4992.0,2498.0
-4992.0,2498.0
-4992.0,2498.0
-5000.0,2500.0
-5000.0,2500.0
-4980.0,2494.0
-4992.0,2498.0
-4992.0,2498.0
-5000.0,2500.0
-4984.0,2496.0
-4984.0,2496.0
-5000.0,2500.0
-4992.0,2498.0
-4992.0,2498.0
-4984.0,2496.0
-4968.0,2492.0
-5000.0,2500.0
-4992.0,2498.0
-5000.0,2500.0
-5000.0,2500.0
-5000.0,2500.0
-4976.0,2494.0
-4984.0,2496.0
-4992.0,2498.0
-5000.0,2500.0
-4992.0,2498.0
-4992.0,2498.0
-4992.0,2498.0
-5000.0,2500.0
-4992.0,2498.0
-4992.0,2498.0
-5000.0,2500.0
-4992.0,2498.0
-5000.0,2500.0
-5000.0,2500.0
-4984.0,2496.0
-5000.0,2500.0
-5000.0,2500.0
-4992.0,2498.0
-4992.0,2498.0
-4984.0,2496.0
-4984.0,2496.0
-5000.0,2500.0
-4992.0,2498.0
-4992.0,2498.0
-5000.0,2500.0
-4992.0,2498.0
-5000.0,2500.0
-5000.0,2500.0
-5000.0,2500.0
-4976.0,2494.0
-4984.0,2496.0
-4984.0,2496.0
-5000.0,2500.0
-5000.0,2500.0
-5000.0,2500.0
-5000.0,2500.0
-4992.0,2498.0
-5000.0,2500.0
-5000.0,2500.0
-4988.0,2496.0
-5000.0,2500.0
-4992.0,2498.0
-4992.0,2498.0
-4984.0,2496.0
-4992.0,2498.0
-5000.0,2500.0
-5000.0,2500.0
-5000.0,2500.0
-4984.0,2496.0
-4992.0,2498.0
-5000.0,2500.0
-4992.0,2498.0
-4984.0,2496.0
-5000.0,2500.0
-4992.0,2498.0
-5000.0,2500.0
-5000.0,2500.0
-5000.0,2500.0
-4992.0,2498.0
-4984.0,2496.0
-4992.0,2498.0
-4984.0,2496.0
-5000.0,2500.0
-4992.0,2498.0
-5000.0,2500.0
-5000.0,2500.0
-5000.0,2500.0
-4992.0,2498.0
-5000.0,2500.0
-5000.0,2500.0
-5000.0,2500.0
-4988.0,2496.0
-4980.0,2494.0
-4992.0,2498.0
-5000.0,2500.0
-4984.0,2496.0
-5000.0,2500.0
-4992.0,2498.0
-5000.0,2500.0
-5000.0,2500.0
-4992.0,2498.0
-4992.0,2498.0
-4992.0,2498.0
-4976.0,2494.0
-4992.0,2498.0
-5000.0,2500.0
-4992.0,2498.0
-4992.0,2498.0
-4992.0,2498.0
-4992.0,2498.0
-5000.0,2500.0
-5000.0,2500.0
-4984.0,2496.0
-5000.0,2500.0
-4984.0,2496.0
-5000.0,2500.0
-4992.0,2498.0
-4992.0,2498.0
-5000.0,2500.0
-4992.0,2498.0
-5000.0,2500.0
-4984.0,2496.0
-4984.0,2496.0
-5000.0,2500.0
-4992.0,2498.0
-4992.0,2498.0
-5000.0,2500.0
-5000.0,2500.0
-4984.0,2496.0
-4984.0,2496.0
-4992.0,2498.0
-4976.0,2494.0
-4984.0,2496.0
-4992.0,2498.0
-5000.0,2500.0
-5000.0,2500.0
-4992.0,2498.0
-5000.0,2500.0
-4968.0,2492.0
-4992.0,2498.0
-5000.0,2500.0
-4984.0,2496.0
-5000.0,2500.0
-5000.0,2500.0
-4984.0,2496.0
-4992.0,2498.0
-4992.0,2498.0
-4976.0,2494.0
-4992.0,2498.0
-5000.0,2500.0
-5000.0,2500.0
-5000.0,2500.0
-4992.0,2498.0
-5000.0,2500.0
-5000.0,2500.0
-4980.0,2494.0
-4992.0,2498.0
-5000.0,2500.0
-4992.0,2498.0
-5000.0,2500.0
-5000.0,2500.0
-5000.0,2500.0
-4984.0,2496.0
-5000.0,2500.0
-4992.0,2498.0
-5000.0,2500.0
-5000.0,2500.0
-5000.0,2500.0
-5000.0,2500.0
-4992.0,2498.0
-4984.0,2496.0
-5000.0,2500.0
-5000.0,2500.0
-5000.0,2500.0
-5000.0,2500.0
-4992.0,2498.0
-4992.0,2498.0
-5000.0,2500.0
-5000.0,2500.0
-4992.0,2498.0
-5000.0,2500.0
-5000.0,2500.0
-5000.0,2500.0
-5000.0,2500.0
-4984.0,2496.0
-4992.0,2498.0
-4992.0,2498.0
-4984.0,2496.0
-4992.0,2498.0
-4992.0,2498.0
-4992.0,2498.0
-4992.0,2498.0
-4992.0,2498.0
-4992.0,2498.0
-5000.0,2500.0
-5000.0,2500.0
-4976.0,2494.0
-5000.0,2500.0
-4992.0,2498.0
-5000.0,2500.0
-4984.0,2496.0
-4992.0,2498.0
-4992.0,2498.0
-4992.0,2498.0
-4992.0,2498.0
-5000.0,2500.0
-4992.0,2498.0
-4992.0,2498.0
-4992.0,2498.0
-5000.0,2500.0
-4992.0,2498.0
-4992.0,2498.0
-4976.0,2494.0
-5000.0,2500.0
-4992.0,2498.0
-4992.0,2498.0
-5000.0,2500.0
-5000.0,2500.0
-5000.0,2500.0
-5000.0,2500.0
-5000.0,2500.0
-4992.0,2498.0
-5000.0,2500.0
-5000.0,2500.0
-5000.0,2500.0
-4992.0,2498.0
-4988.0,2496.0
-5000.0,2500.0
-4992.0,2498.0
-5000.0,2500.0
-5000.0,2500.0
-5000.0,2500.0
-4984.0,2496.0
-4992.0,2498.0
-4984.0,2496.0
-4976.0,2494.0
-5000.0,2500.0
-4992.0,2498.0
-4988.0,2496.0
-5000.0,2500.0
-4984.0,2496.0
-4992.0,2498.0
-5000.0,2500.0
-5000.0,2500.0
-4992.0,2498.0
-5000.0,2500.0
-4984.0,2496.0
-5000.0,2500.0
-4976.0,2494.0
-4984.0,2496.0
-4984.0,2496.0
-4992.0,2498.0
-5000.0,2500.0
-4992.0,2498.0
-4984.0,2496.0
-4992.0,2498.0
-4984.0,2496.0
-4992.0,2498.0
-5000.0,2500.0
-4952.0,2488.0
-4992.0,2498.0
-4976.0,2494.0
-5000.0,2500.0
-4976.0,2494.0
-4992.0,2498.0
-4992.0,2498.0
-5000.0,2500.0
-4968.0,2490.0
-4992.0,2498.0
-4984.0,2496.0
-4984.0,2496.0
-4992.0,2498.0
-5000.0,2500.0
-5000.0,2500.0
-4976.0,2494.0
-4992.0,2498.0
-4992.0,2498.0
-4984.0,2496.0
-4980.0,2494.0
-5000.0,2500.0
-5000.0,2500.0
-4992.0,2498.0
-5000.0,2500.0
-4988.0,2496.0
-5000.0,2500.0
-4992.0,2498.0
-5000.0,2500.0
-4992.0,2498.0
-5000.0,2500.0
-4992.0,2498.0
-4984.0,2496.0
-4992.0,2498.0
-4992.0,2498.0
-4984.0,2496.0
-4992.0,2498.0
-4984.0,2496.0
-4992.0,2498.0
-4992.0,2498.0
-4984.0,2496.0
-4992.0,2498.0
-4984.0,2496.0
-5000.0,2500.0
-4980.0,2494.0
-4968.0,2492.0
-4972.0,2492.0
-4976.0,2494.0
-5000.0,2500.0
-5000.0,2500.0
-5000.0,2500.0
-5000.0,2500.0
-5000.0,2500.0
-4992.0,2498.0
-5000.0,2500.0
-5000.0,2500.0
-4976.0,2494.0
-4992.0,2498.0
-5000.0,2500.0
-4984.0,2496.0
-5000.0,2500.0
-5000.0,2500.0
-5000.0,2500.0
-5000.0,2500.0
-4992.0,2498.0
-5000.0,2500.0
-5000.0,2500.0
-4992.0,2498.0
-5000.0,2500.0
-4992.0,2498.0
-5000.0,2500.0
-4992.0,2498.0
-4984.0,2496.0
-5000.0,2500.0
-4976.0,2494.0
-5000.0,2500.0
-5000.0,2500.0
-4984.0,2496.0
-5000.0,2500.0
-4984.0,2496.0
-4984.0,2496.0
-4992.0,2498.0
-4968.0,2492.0
-4992.0,2498.0
-4992.0,2498.0
-4984.0,2496.0
-5000.0,2500.0
-4984.0,2496.0
-5000.0,2500.0
-5000.0,2500.0
-5000.0,2500.0
-5000.0,2500.0
-4992.0,2498.0
-4976.0,2494.0
-4992.0,2498.0
-4992.0,2498.0
-5000.0,2500.0
-5000.0,2500.0
-5000.0,2500.0
-5000.0,2500.0
-5000.0,2500.0
-5000.0,2500.0
-5000.0,2500.0
-5000.0,2500.0
-4992.0,2498.0
-5000.0,2500.0
-5000.0,2500.0
-4984.0,2496.0
-4984.0,2496.0
-4976.0,2494.0
-4992.0,2498.0
-4992.0,2498.0
-4992.0,2498.0
-5000.0,2500.0
-4992.0,2498.0
-4992.0,2498.0
-4992.0,2498.0
-5000.0,2500.0
-4992.0,2498.0
-5000.0,2500.0
-5000.0,2500.0
-4992.0,2498.0
-5000.0,2500.0
-5000.0,2500.0
-5000.0,2500.0
-5000.0,2500.0
-5000.0,2500.0
-5000.0,2500.0
-4984.0,2496.0
-4992.0,2498.0
-5000.0,2500.0
-4992.0,2498.0
-4984.0,2496.0
-4984.0,2496.0
-4992.0,2498.0
-5000.0,2500.0
-5000.0,2500.0
-5000.0,2500.0
-5000.0,2500.0
-4992.0,2498.0
-5000.0,2500.0
-4992.0,2498.0
-4984.0,2496.0
-4992.0,2498.0
-5000.0,2500.0
-4984.0,2496.0
-5000.0,2500.0
-4992.0,2498.0
-4992.0,2498.0
-5000.0,2500.0
-5000.0,2500.0
-4992.0,2498.0
-4992.0,2498.0
-4984.0,2496.0
-5000.0,2500.0
-4992.0,2498.0
-5000.0,2500.0
-4984.0,2496.0
-5000.0,2500.0
-4984.0,2496.0
-5000.0,2500.0
-4992.0,2498.0
-4980.0,2494.0
-4992.0,2498.0
-4984.0,2496.0
-4992.0,2498.0
-4976.0,2494.0
-4992.0,2498.0
-4984.0,2496.0
-5000.0,2500.0
-4976.0,2494.0
-4992.0,2498.0
-4984.0,2496.0
-4992.0,2498.0
-4992.0,2498.0
-4992.0,2498.0
-4992.0,2498.0
-4984.0,2496.0
-4992.0,2498.0
-4976.0,2494.0
-4992.0,2498.0
-4992.0,2498.0
-5000.0,2500.0
-4980.0,2494.0
-5000.0,2500.0
-5000.0,2500.0
-5000.0,2500.0
-5000.0,2500.0
-4976.0,2494.0
-4984.0,2496.0
-4992.0,2498.0
-4984.0,2496.0
-4992.0,2498.0
-4984.0,2496.0
-4992.0,2498.0
-4976.0,2494.0
-4992.0,2498.0
-4992.0,2498.0
-4992.0,2498.0
-5000.0,2500.0
-4992.0,2498.0
-5000.0,2500.0
-4992.0,2498.0
-4992.0,2498.0
-4992.0,2498.0
-4992.0,2498.0
-5000.0,2500.0
-5000.0,2500.0
-4992.0,2498.0
-4972.0,2492.0
-5000.0,2500.0
-4984.0,2496.0
-4992.0,2498.0
-5000.0,2500.0
-4976.0,2494.0
-4988.0,2496.0
-4984.0,2496.0
-4992.0,2498.0
-5000.0,2500.0
-4984.0,2496.0
-4992.0,2498.0
-5000.0,2500.0
-4984.0,2496.0
-4984.0,2496.0
-4992.0,2498.0
-4984.0,2496.0
-5000.0,2500.0
-4992.0,2498.0
-4992.0,2498.0
-5000.0,2500.0
-4992.0,2498.0
-4992.0,2498.0
-5000.0,2500.0
-5000.0,2500.0
-5000.0,2500.0
-4992.0,2498.0
-5000.0,2500.0
-4984.0,2496.0
-4992.0,2498.0
-5000.0,2500.0
-5000.0,2500.0
-4992.0,2498.0
-4992.0,2498.0
-4992.0,2498.0
-4976.0,2494.0
-5000.0,2500.0
-4984.0,2496.0
-5000.0,2500.0
-4992.0,2498.0
-5000.0,2500.0
-5000.0,2500.0
-4992.0,2498.0
-5000.0,2500.0
-4992.0,2498.0
-4992.0,2498.0
-4976.0,2492.0
-4992.0,2498.0
-4984.0,2496.0
-5000.0,2500.0
-5000.0,2500.0
-5000.0,2500.0
-4992.0,2498.0
-5000.0,2500.0
-5000.0,2500.0
-4984.0,2496.0
-5000.0,2500.0
-4992.0,2498.0
-4972.0,2490.0
-5000.0,2500.0
-5000.0,2500.0
-5000.0,2500.0
-4992.0,2498.0
-4992.0,2498.0
-5000.0,2500.0
-5000.0,2500.0
-4992.0,2498.0
-5000.0,2500.0
-5000.0,2500.0
-4992.0,2498.0
-4992.0,2498.0
-4992.0,2498.0
-5000.0,2500.0
-4992.0,2498.0
-4992.0,2498.0
-5000.0,2500.0
-5000.0,2500.0
-5000.0,2500.0
-5000.0,2500.0
-4992.0,2498.0
-4984.0,2496.0
-4992.0,2498.0
-5000.0,2500.0
-4984.0,2496.0
-4992.0,2498.0
-4992.0,2498.0
-4992.0,2498.0
-5000.0,2500.0
-5000.0,2500.0
-5000.0,2500.0
-5000.0,2500.0
-5000.0,2500.0
-5000.0,2500.0
-4992.0,2498.0
-4984.0,2496.0
-4984.0,2496.0
-4992.0,2498.0
-4992.0,2498.0
-4984.0,2496.0
-5000.0,2500.0
-4984.0,2496.0
-5000.0,2500.0
-4992.0,2498.0
-5000.0,2500.0
-5000.0,2500.0
-4992.0,2498.0
-4992.0,2498.0
-5000.0,2500.0
-4992.0,2498.0
-4992.0,2498.0
-4992.0,2498.0
-4992.0,2498.0
-5000.0,2500.0
-5000.0,2500.0
-5000.0,2500.0
-5000.0,2500.0
-4992.0,2498.0
-4980.0,2494.0
-4992.0,2498.0
-5000.0,2500.0
-4984.0,2496.0
-4976.0,2494.0
-4992.0,2498.0
-4984.0,2496.0
-5000.0,2500.0
-4984.0,2496.0
-5000.0,2500.0
-4992.0,2498.0
-4984.0,2496.0
-5000.0,2500.0
-5000.0,2500.0
-5000.0,2500.0
-4992.0,2498.0
-4992.0,2498.0
-5000.0,2500.0
-4984.0,2496.0
-4992.0,2498.0
-4992.0,2498.0
-4984.0,2496.0
-5000.0,2500.0
-5000.0,2500.0
-5000.0,2500.0
-5000.0,2500.0
-5000.0,2500.0
-5000.0,2500.0
-4984.0,2496.0
-4992.0,2498.0
-5000.0,2500.0
-5000.0,2500.0
-4984.0,2496.0
-4976.0,2494.0
-5000.0,2500.0
-5000.0,2500.0
-4992.0,2498.0
-5000.0,2500.0
-5000.0,2500.0
-5000.0,2500.0
-4984.0,2496.0
-5000.0,2500.0
-4992.0,2498.0
-4964.0,2490.0
-5000.0,2500.0
-5000.0,2500.0
-4992.0,2498.0
-4992.0,2498.0
-4984.0,2496.0
-4984.0,2496.0
-4984.0,2496.0
-4992.0,2498.0
-5000.0,2500.0
-4992.0,2498.0
-5000.0,2500.0
-4992.0,2498.0
-4992.0,2498.0
-4984.0,2496.0
-5000.0,2500.0
-5000.0,2500.0
-5000.0,2500.0
-4992.0,2498.0
-4968.0,2492.0
-5000.0,2500.0
-4976.0,2494.0
-4992.0,2498.0
-4976.0,2494.0
-4992.0,2498.0
-5000.0,2500.0
-5000.0,2500.0
-4992.0,2498.0
-5000.0,2500.0
-5000.0,2500.0
-5000.0,2500.0
-4992.0,2498.0
-4992.0,2498.0
-5000.0,2500.0
-4992.0,2498.0
-4984.0,2496.0
-5000.0,2500.0
-4984.0,2496.0
-4984.0,2496.0
-4992.0,2498.0
-4992.0,2498.0
-5000.0,2500.0
-5000.0,2500.0
-4964.0,2490.0
-4992.0,2498.0
-5000.0,2500.0
-5000.0,2500.0
-5000.0,2500.0
-4984.0,2496.0
-5000.0,2500.0
-4992.0,2498.0
-4992.0,2498.0
-4984.0,2496.0
-5000.0,2500.0
-4992.0,2498.0
-5000.0,2500.0
-4992.0,2498.0
-5000.0,2500.0
-5000.0,2500.0
-5000.0,2500.0
-5000.0,2500.0
-4992.0,2498.0
-5000.0,2500.0
-4984.0,2492.0
-5000.0,2500.0
-4984.0,2496.0
-4980.0,2494.0
-4976.0,2494.0
-5000.0,2500.0
-4984.0,2496.0
-4992.0,2498.0
-4984.0,2496.0
-4992.0,2498.0
-5000.0,2500.0
-5000.0,2500.0
-4984.0,2496.0
-5000.0,2500.0
-4992.0,2498.0
-5000.0,2500.0
-4976.0,2494.0
-4988.0,2496.0
-4992.0,2498.0
-4984.0,2496.0
-4992.0,2498.0
-5000.0,2500.0
-4992.0,2498.0
-4984.0,2496.0
-5000.0,2500.0
-5000.0,2500.0
-5000.0,2500.0
-4984.0,2496.0
-4972.0,2492.0
-5000.0,2500.0
-5000.0,2500.0
-4992.0,2498.0
-4984.0,2496.0
-4992.0,2498.0
-4984.0,2496.0
-4984.0,2496.0
-4992.0,2498.0
-4992.0,2498.0
-5000.0,2500.0
-4992.0,2498.0
-4992.0,2498.0
-5000.0,2500.0
-4992.0,2498.0
-4992.0,2498.0
-4992.0,2498.0
-5000.0,2500.0
-4992.0,2498.0
-5000.0,2500.0
-5000.0,2500.0
-4992.0,2498.0
-4984.0,2496.0
-5000.0,2500.0
-4992.0,2498.0
-5000.0,2500.0
-5000.0,2500.0
-4992.0,2498.0
-5000.0,2500.0
-4984.0,2496.0
-5000.0,2500.0
-4984.0,2496.0
-4992.0,2498.0
-5000.0,2500.0
-5000.0,2500.0
-5000.0,2500.0
-5000.0,2500.0
-4984.0,2496.0
-4992.0,2498.0
-4972.0,2492.0
-5000.0,2500.0
-5000.0,2500.0
-4992.0,2498.0
-4992.0,2498.0
-5000.0,2500.0
-5000.0,2500.0
-4984.0,2496.0
-5000.0,2500.0
-4992.0,2498.0
-4976.0,2494.0
-4992.0,2498.0
-5000.0,2500.0
-4992.0,2498.0
-5000.0,2500.0
-4992.0,2498.0
-5000.0,2500.0
-4992.0,2498.0
-4992.0,2498.0
-4964.0,2490.0
-4992.0,2498.0
-5000.0,2500.0
-4984.0,2496.0
-5000.0,2500.0
-4984.0,2496.0
-5000.0,2500.0
-4992.0,2498.0
-5000.0,2500.0
-5000.0,2500.0
-4992.0,2498.0
-5000.0,2500.0
-4992.0,2498.0
-4992.0,2498.0
-5000.0,2500.0
-4992.0,2498.0
-5000.0,2500.0
-4992.0,2498.0
-5000.0,2500.0
-5000.0,2500.0
-5000.0,2500.0
-4992.0,2498.0
-4992.0,2498.0
-4984.0,2496.0
-5000.0,2500.0
-4984.0,2496.0
-4992.0,2498.0
-4992.0,2498.0
-4976.0,2494.0
-5000.0,2500.0
-4992.0,2498.0
-4976.0,2494.0
-4992.0,2498.0
-5000.0,2500.0
-4976.0,2494.0
-5000.0,2500.0
-4992.0,2498.0
-4980.0,2494.0
-4992.0,2498.0
-4984.0,2496.0
-5000.0,2500.0
-4992.0,2498.0
-5000.0,2500.0
-4992.0,2498.0
-4992.0,2498.0
-5000.0,2500.0
-5000.0,2500.0
-4984.0,2496.0
-5000.0,2500.0
