5.500000000000000000e+00
5.800000000000000711e+00
6.000000000000000000e+00
6.300000000000000711e+00
6.500000000000000000e+00
6.800000000000000711e+00
7.000000000000000000e+00
7.300000000000000711e+00
7.500000000000000000e+00
7.799999999999999822e+00
8.000000000000000000e+00
8.300000000000000711e+00
8.500000000000000000e+00
8.800000000000000711e+00
9.000000000000000000e+00
9.300000000000000711e+00
9.500000000000000000e+00
9.800000000000000711e+00
1.000000000000000000e+01
1.030000000000000071e+01
1.050000000000000000e+01
1.080000000000000071e+01
1.100000000000000000e+01
1.130000000000000071e+01
1.150000000000000000e+01
1.180000000000000071e+01
1.200000000000000000e+01
1.230000000000000071e+01
1.250000000000000000e+01
1.280000000000000071e+01
1.300000000000000000e+01
1.330000000000000071e+01
1.350000000000000000e+01
1.380000000000000071e+01
1.400000000000000000e+01
1.430000000000000071e+01
1.450000000000000000e+01
1.480000000000000071e+01
1.500000000000000000e+01
1.530000000000000071e+01
1.550000000000000000e+01
1.580000000000000071e+01
1.600000000000000000e+01
1.629999999999999716e+01
1.650000000000000000e+01
1.679999999999999716e+01
1.700000000000000000e+01
1.729999999999999716e+01
1.750000000000000000e+01
1.779999999999999716e+01
1.800000000000000000e+01
1.829999999999999716e+01
1.850000000000000000e+01
1.879999999999999716e+01
1.900000000000000000e+01
1.929999999999999716e+01
1.950000000000000000e+01
1.979999999999999716e+01
2.000000000000000000e+01
2.029999999999999716e+01
2.050000000000000000e+01
2.079999999999999716e+01
2.100000000000000000e+01
2.129999999999999716e+01
2.150000000000000000e+01
2.179999999999999716e+01
2.200000000000000000e+01
2.229999999999999716e+01
2.250000000000000000e+01
2.279999999999999716e+01
2.300000000000000000e+01
2.329999999999999716e+01
2.350000000000000000e+01
2.379999999999999716e+01
2.400000000000000000e+01
2.429999999999999716e+01
2.450000000000000000e+01
2.479999999999999716e+01
2.500000000000000000e+01
2.529999999999999716e+01
2.550000000000000000e+01
2.579999999999999716e+01
2.600000000000000000e+01
2.629999999999999716e+01
2.650000000000000000e+01
2.679999999999999716e+01
2.700000000000000000e+01
2.729999999999999716e+01
2.750000000000000000e+01
2.779999999999999716e+01
2.800000000000000000e+01
2.829999999999999716e+01
2.850000000000000000e+01
2.879999999999999716e+01
2.900000000000000000e+01
2.929999999999999716e+01
2.950000000000000000e+01
2.979999999999999716e+01
3.000000000000000000e+01
3.029999999999999716e+01
3.050000000000000000e+01
3.079999999999999716e+01
3.100000000000000000e+01
3.129999999999999716e+01
3.150000000000000000e+01
3.180000000000000071e+01
3.200000000000000000e+01
3.229999999999999716e+01
3.250000000000000000e+01
3.279999999999999716e+01
3.300000000000000000e+01
3.329999999999999716e+01
3.350000000000000000e+01
3.379999999999999716e+01
3.400000000000000000e+01
3.429999999999999716e+01
3.450000000000000000e+01
3.479999999999999716e+01
3.500000000000000000e+01
3.529999999999999716e+01
3.550000000000000000e+01
3.579999999999999716e+01
3.600000000000000000e+01
3.629999999999999716e+01
3.650000000000000000e+01
3.679999999999999716e+01
3.700000000000000000e+01
3.729999999999999716e+01
3.750000000000000000e+01
3.779999999999999716e+01
3.800000000000000000e+01
3.829999999999999716e+01
3.850000000000000000e+01
3.879999999999999716e+01
3.900000000000000000e+01
3.929999999999999716e+01
3.950000000000000000e+01
3.979999999999999716e+01
4.000000000000000000e+01
4.029999999999999716e+01
4.050000000000000000e+01
4.079999999999999716e+01
4.100000000000000000e+01
4.129999999999999716e+01
4.150000000000000000e+01
4.179999999999999716e+01
4.200000000000000000e+01
4.229999999999999716e+01
4.250000000000000000e+01
4.279999999999999716e+01
