8.280000000000000000e+02
3.150000000000000000e+02
6.670000000000000000e+02
6.000000000000000000e+02
1.810000000000000000e+03
1.900000000000000000e+02
1.133000000000000000e+03
7.110000000000000000e+02
8.580000000000000000e+02
2.490000000000000000e+02
7.320000000000000000e+02
7.590000000000000000e+02
1.151000000000000000e+03
9.010000000000000000e+02
7.680000000000000000e+02
8.280000000000000000e+02
6.740000000000000000e+02
4.210000000000000000e+02
2.561000000000000000e+03
4.960000000000000000e+02
1.052000000000000000e+03
2.540000000000000000e+02
1.830000000000000000e+02
6.230000000000000000e+02
2.068000000000000000e+03
2.475000000000000000e+03
2.840000000000000000e+02
5.000000000000000000e+03
2.960000000000000000e+02
7.700000000000000000e+02
7.750000000000000000e+02
9.310000000000000000e+02
2.560000000000000000e+02
8.190000000000000000e+02
6.120000000000000000e+02
1.182000000000000000e+03
1.232000000000000000e+03
3.279000000000000000e+03
5.820000000000000000e+02
7.290000000000000000e+02
3.780000000000000000e+02
1.718000000000000000e+03
9.090000000000000000e+02
1.774000000000000000e+03
4.310000000000000000e+02
4.590000000000000000e+02
1.109000000000000000e+03
5.970000000000000000e+02
8.350000000000000000e+02
2.196000000000000000e+03
7.870000000000000000e+02
2.880000000000000000e+02
1.278000000000000000e+03
5.850000000000000000e+02
4.670000000000000000e+02
2.285000000000000000e+03
1.240000000000000000e+03
2.195000000000000000e+03
5.600000000000000000e+02
3.400000000000000000e+02
6.630000000000000000e+02
1.740000000000000000e+02
4.160000000000000000e+02
6.010000000000000000e+02
7.250000000000000000e+02
7.980000000000000000e+02
4.230000000000000000e+02
4.910000000000000000e+02
2.960000000000000000e+02
6.730000000000000000e+02
1.076000000000000000e+03
3.270000000000000000e+02
6.680000000000000000e+02
4.140000000000000000e+02
1.235000000000000000e+03
4.610000000000000000e+02
1.160000000000000000e+03
1.336000000000000000e+03
4.910000000000000000e+02
3.220000000000000000e+02
1.520000000000000000e+03
2.060000000000000000e+02
1.283000000000000000e+03
5.390000000000000000e+02
1.026000000000000000e+03
6.990000000000000000e+02
7.960000000000000000e+02
6.390000000000000000e+02
1.502000000000000000e+03
1.598000000000000000e+03
3.840000000000000000e+02
2.920000000000000000e+02
3.306000000000000000e+03
1.256000000000000000e+03
5.550000000000000000e+02
6.780000000000000000e+02
7.770000000000000000e+02
1.132000000000000000e+03
3.840000000000000000e+02
2.880000000000000000e+02
2.340000000000000000e+02
7.240000000000000000e+02
2.560000000000000000e+02
2.790000000000000000e+02
1.032000000000000000e+03
2.650000000000000000e+02
3.000000000000000000e+02
4.230000000000000000e+02
2.910000000000000000e+02
6.430000000000000000e+02
2.390000000000000000e+02
4.520000000000000000e+02
9.340000000000000000e+02
6.200000000000000000e+02
2.300000000000000000e+02
1.340000000000000000e+02
2.198000000000000000e+03
5.580000000000000000e+02
1.086000000000000000e+03
4.390000000000000000e+02
4.790000000000000000e+02
6.430000000000000000e+02
8.720000000000000000e+02
7.650000000000000000e+02
5.610000000000000000e+02
6.580000000000000000e+02
2.970000000000000000e+02
4.990000000000000000e+02
7.400000000000000000e+02
2.061000000000000000e+03
2.219000000000000000e+03
7.530000000000000000e+02
4.140000000000000000e+02
8.890000000000000000e+02
7.240000000000000000e+02
6.570000000000000000e+02
5.210000000000000000e+02
4.500000000000000000e+02
1.137000000000000000e+03
7.550000000000000000e+02
3.440000000000000000e+02
6.790000000000000000e+02
2.160000000000000000e+02
1.136000000000000000e+03
2.620000000000000000e+02
5.880000000000000000e+02
6.670000000000000000e+02
5.250000000000000000e+02
2.585000000000000000e+03
1.431000000000000000e+03
3.950000000000000000e+02
1.130000000000000000e+03
5.070000000000000000e+02
4.860000000000000000e+02
1.367000000000000000e+03
6.290000000000000000e+02
6.980000000000000000e+02
1.081000000000000000e+03
1.274000000000000000e+03
1.530000000000000000e+02
1.851000000000000000e+03
4.480000000000000000e+02
2.820000000000000000e+02
4.720000000000000000e+02
3.790000000000000000e+02
1.279000000000000000e+03
1.194000000000000000e+03
8.370000000000000000e+02
1.126000000000000000e+03
2.086000000000000000e+03
1.053000000000000000e+03
8.500000000000000000e+02
2.380000000000000000e+02
1.124000000000000000e+03
2.203000000000000000e+03
8.340000000000000000e+02
8.430000000000000000e+02
8.260000000000000000e+02
8.830000000000000000e+02
2.285000000000000000e+03
9.980000000000000000e+02
1.866000000000000000e+03
1.341000000000000000e+03
4.280000000000000000e+02
6.690000000000000000e+02
3.510000000000000000e+02
8.560000000000000000e+02
3.520000000000000000e+02
4.640000000000000000e+02
9.990000000000000000e+02
1.790000000000000000e+03
3.750000000000000000e+02
3.150000000000000000e+02
5.250000000000000000e+02
7.810000000000000000e+02
5.680000000000000000e+02
7.830000000000000000e+02
1.880000000000000000e+02
3.050000000000000000e+02
5.320000000000000000e+02
1.608000000000000000e+03
8.380000000000000000e+02
6.180000000000000000e+02
2.190000000000000000e+02
1.714000000000000000e+03
2.338000000000000000e+03
9.270000000000000000e+02
1.093000000000000000e+03
2.850000000000000000e+02
5.120000000000000000e+02
5.560000000000000000e+02
2.709000000000000000e+03
7.520000000000000000e+02
6.040000000000000000e+02
4.270000000000000000e+02
9.320000000000000000e+02
3.070000000000000000e+02
2.444000000000000000e+03
7.440000000000000000e+02
5.000000000000000000e+03
4.970000000000000000e+02
2.316000000000000000e+03
1.168000000000000000e+03
7.320000000000000000e+02
7.190000000000000000e+02
1.043000000000000000e+03
2.272000000000000000e+03
5.210000000000000000e+02
3.800000000000000000e+02
1.057000000000000000e+03
7.380000000000000000e+02
2.093000000000000000e+03
2.220000000000000000e+02
1.569000000000000000e+03
7.520000000000000000e+02
1.337000000000000000e+03
8.430000000000000000e+02
5.520000000000000000e+02
3.640000000000000000e+02
8.230000000000000000e+02
6.480000000000000000e+02
6.400000000000000000e+02
3.090000000000000000e+02
6.500000000000000000e+02
9.880000000000000000e+02
7.810000000000000000e+02
4.610000000000000000e+02
7.080000000000000000e+02
1.105000000000000000e+03
4.140000000000000000e+02
1.821000000000000000e+03
3.100000000000000000e+02
4.340000000000000000e+02
3.520000000000000000e+02
5.990000000000000000e+02
1.389000000000000000e+03
9.320000000000000000e+02
8.680000000000000000e+02
6.660000000000000000e+02
1.542000000000000000e+03
1.092000000000000000e+03
4.150000000000000000e+02
1.043000000000000000e+03
7.190000000000000000e+02
1.113000000000000000e+03
1.947000000000000000e+03
5.900000000000000000e+02
1.332000000000000000e+03
3.610000000000000000e+02
5.420000000000000000e+02
2.645000000000000000e+03
9.530000000000000000e+02
6.020000000000000000e+02
2.821000000000000000e+03
2.770000000000000000e+02
1.913000000000000000e+03
1.185000000000000000e+03
1.211000000000000000e+03
3.800000000000000000e+02
8.010000000000000000e+02
8.370000000000000000e+02
4.200000000000000000e+02
2.350000000000000000e+02
9.740000000000000000e+02
5.220000000000000000e+02
1.657000000000000000e+03
7.820000000000000000e+02
1.324000000000000000e+03
1.612000000000000000e+03
7.410000000000000000e+02
1.160000000000000000e+03
6.160000000000000000e+02
1.708000000000000000e+03
1.827000000000000000e+03
3.560000000000000000e+02
2.534000000000000000e+03
1.614000000000000000e+03
7.090000000000000000e+02
1.231000000000000000e+03
1.405000000000000000e+03
1.407000000000000000e+03
4.640000000000000000e+02
1.130000000000000000e+03
5.470000000000000000e+02
4.820000000000000000e+02
2.090000000000000000e+02
7.150000000000000000e+02
2.412000000000000000e+03
1.794000000000000000e+03
1.208000000000000000e+03
7.990000000000000000e+02
3.870000000000000000e+02
5.120000000000000000e+02
8.340000000000000000e+02
6.990000000000000000e+02
6.890000000000000000e+02
9.740000000000000000e+02
2.650000000000000000e+02
1.154000000000000000e+03
1.218000000000000000e+03
1.234000000000000000e+03
3.870000000000000000e+02
2.710000000000000000e+02
9.710000000000000000e+02
5.380000000000000000e+02
2.654000000000000000e+03
4.960000000000000000e+02
2.470000000000000000e+02
6.510000000000000000e+02
2.348000000000000000e+03
1.775000000000000000e+03
2.550000000000000000e+02
5.430000000000000000e+02
2.770000000000000000e+02
5.710000000000000000e+02
8.360000000000000000e+02
1.860000000000000000e+02
8.520000000000000000e+02
5.830000000000000000e+02
5.700000000000000000e+02
8.750000000000000000e+02
1.567000000000000000e+03
1.718000000000000000e+03
4.810000000000000000e+02
3.500000000000000000e+02
1.940000000000000000e+02
6.090000000000000000e+02
1.427000000000000000e+03
6.190000000000000000e+02
7.650000000000000000e+02
1.284000000000000000e+03
5.480000000000000000e+02
3.670000000000000000e+02
6.990000000000000000e+02
4.220000000000000000e+02
7.770000000000000000e+02
4.460000000000000000e+02
6.480000000000000000e+02
7.840000000000000000e+02
3.880000000000000000e+02
1.836000000000000000e+03
9.430000000000000000e+02
7.750000000000000000e+02
5.720000000000000000e+02
2.700000000000000000e+02
8.470000000000000000e+02
1.894000000000000000e+03
4.490000000000000000e+02
1.303000000000000000e+03
1.108000000000000000e+03
4.180000000000000000e+02
2.560000000000000000e+02
6.670000000000000000e+02
1.740000000000000000e+03
8.310000000000000000e+02
2.480000000000000000e+02
1.343000000000000000e+03
2.582000000000000000e+03
5.810000000000000000e+02
5.350000000000000000e+02
5.000000000000000000e+03
7.990000000000000000e+02
8.570000000000000000e+02
2.800000000000000000e+02
3.560000000000000000e+02
7.920000000000000000e+02
1.148000000000000000e+03
3.720000000000000000e+02
1.885000000000000000e+03
6.100000000000000000e+02
6.540000000000000000e+02
2.785000000000000000e+03
1.006000000000000000e+03
1.558000000000000000e+03
1.387000000000000000e+03
1.047000000000000000e+03
1.688000000000000000e+03
3.970000000000000000e+02
6.780000000000000000e+02
3.380000000000000000e+02
9.390000000000000000e+02
1.906000000000000000e+03
2.780000000000000000e+02
6.630000000000000000e+02
4.190000000000000000e+02
4.780000000000000000e+02
4.850000000000000000e+02
4.450000000000000000e+02
9.880000000000000000e+02
3.450000000000000000e+02
4.830000000000000000e+02
2.256000000000000000e+03
2.114000000000000000e+03
1.677000000000000000e+03
3.347000000000000000e+03
3.980000000000000000e+02
8.970000000000000000e+02
1.712000000000000000e+03
6.820000000000000000e+02
7.290000000000000000e+02
1.874000000000000000e+03
1.421000000000000000e+03
7.010000000000000000e+02
1.582000000000000000e+03
1.756000000000000000e+03
1.302000000000000000e+03
3.640000000000000000e+02
7.110000000000000000e+02
5.510000000000000000e+02
9.050000000000000000e+02
7.900000000000000000e+02
2.656000000000000000e+03
8.030000000000000000e+02
2.180000000000000000e+02
6.200000000000000000e+02
9.000000000000000000e+02
2.214000000000000000e+03
1.418000000000000000e+03
1.028000000000000000e+03
1.071000000000000000e+03
3.740000000000000000e+02
8.460000000000000000e+02
4.670000000000000000e+02
2.430000000000000000e+02
1.726000000000000000e+03
1.159000000000000000e+03
5.560000000000000000e+02
2.231000000000000000e+03
7.330000000000000000e+02
1.500000000000000000e+02
2.190000000000000000e+02
2.186000000000000000e+03
2.720000000000000000e+02
3.540000000000000000e+02
1.700000000000000000e+02
1.625000000000000000e+03
3.030000000000000000e+02
3.058000000000000000e+03
5.280000000000000000e+02
5.350000000000000000e+02
6.830000000000000000e+02
4.440000000000000000e+02
9.680000000000000000e+02
2.840000000000000000e+02
8.130000000000000000e+02
1.130000000000000000e+03
3.020000000000000000e+02
1.767000000000000000e+03
8.080000000000000000e+02
2.940000000000000000e+02
2.033000000000000000e+03
3.660000000000000000e+02
1.337000000000000000e+03
1.127000000000000000e+03
1.113000000000000000e+03
3.220000000000000000e+02
3.070000000000000000e+02
5.830000000000000000e+02
5.400000000000000000e+02
1.866000000000000000e+03
1.400000000000000000e+02
1.277000000000000000e+03
1.061000000000000000e+03
1.643000000000000000e+03
1.021000000000000000e+03
2.300000000000000000e+02
1.109000000000000000e+03
1.780000000000000000e+02
6.320000000000000000e+02
2.500000000000000000e+02
6.640000000000000000e+02
3.430000000000000000e+02
8.580000000000000000e+02
2.560000000000000000e+02
1.430000000000000000e+03
7.270000000000000000e+02
9.530000000000000000e+02
1.025000000000000000e+03
9.100000000000000000e+02
9.880000000000000000e+02
6.130000000000000000e+02
2.840000000000000000e+02
7.820000000000000000e+02
4.760000000000000000e+02
1.838000000000000000e+03
3.720000000000000000e+02
4.110000000000000000e+02
9.300000000000000000e+02
1.276000000000000000e+03
5.770000000000000000e+02
6.020000000000000000e+02
3.480000000000000000e+02
1.281000000000000000e+03
7.700000000000000000e+02
1.464000000000000000e+03
5.090000000000000000e+02
3.080000000000000000e+02
5.050000000000000000e+02
9.750000000000000000e+02
9.510000000000000000e+02
1.605000000000000000e+03
2.094000000000000000e+03
4.480000000000000000e+02
6.760000000000000000e+02
1.689000000000000000e+03
1.488000000000000000e+03
3.390000000000000000e+02
9.390000000000000000e+02
6.980000000000000000e+02
3.700000000000000000e+02
1.950000000000000000e+02
4.770000000000000000e+02
9.110000000000000000e+02
7.940000000000000000e+02
6.210000000000000000e+02
5.260000000000000000e+02
1.115000000000000000e+03
7.420000000000000000e+02
8.120000000000000000e+02
2.140000000000000000e+02
8.150000000000000000e+02
2.010000000000000000e+03
2.071000000000000000e+03
5.330000000000000000e+02
2.345000000000000000e+03
1.826000000000000000e+03
1.075000000000000000e+03
1.023000000000000000e+03
1.104000000000000000e+03
3.830000000000000000e+02
2.890000000000000000e+02
4.970000000000000000e+02
8.750000000000000000e+02
7.910000000000000000e+02
4.910000000000000000e+02
1.842000000000000000e+03
4.900000000000000000e+02
1.255000000000000000e+03
1.857000000000000000e+03
3.440000000000000000e+02
4.580000000000000000e+02
5.760000000000000000e+02
5.800000000000000000e+02
9.080000000000000000e+02
7.180000000000000000e+02
2.400000000000000000e+02
6.760000000000000000e+02
3.350000000000000000e+02
4.750000000000000000e+02
4.450000000000000000e+02
1.810000000000000000e+03
1.095000000000000000e+03
4.280000000000000000e+02
3.880000000000000000e+02
1.145000000000000000e+03
3.820000000000000000e+02
1.430000000000000000e+02
3.050000000000000000e+02
7.530000000000000000e+02
2.160000000000000000e+02
8.860000000000000000e+02
8.160000000000000000e+02
1.882000000000000000e+03
1.026000000000000000e+03
2.390000000000000000e+02
1.060000000000000000e+03
2.360000000000000000e+02
3.380000000000000000e+02
4.570000000000000000e+02
3.760000000000000000e+02
6.330000000000000000e+02
5.940000000000000000e+02
8.260000000000000000e+02
5.810000000000000000e+02
6.460000000000000000e+02
8.830000000000000000e+02
3.170000000000000000e+02
4.720000000000000000e+02
1.635000000000000000e+03
5.120000000000000000e+02
5.020000000000000000e+02
1.688000000000000000e+03
1.851000000000000000e+03
2.220000000000000000e+02
2.400000000000000000e+02
5.000000000000000000e+03
1.203000000000000000e+03
5.000000000000000000e+03
4.390000000000000000e+02
7.720000000000000000e+02
1.535000000000000000e+03
8.960000000000000000e+02
5.270000000000000000e+02
4.730000000000000000e+02
1.023000000000000000e+03
3.550000000000000000e+02
5.000000000000000000e+03
4.100000000000000000e+02
9.060000000000000000e+02
3.480000000000000000e+02
3.020000000000000000e+02
3.080000000000000000e+02
5.120000000000000000e+02
3.210000000000000000e+02
6.140000000000000000e+02
7.840000000000000000e+02
2.760000000000000000e+02
3.520000000000000000e+02
2.655000000000000000e+03
4.330000000000000000e+02
1.800000000000000000e+03
1.628000000000000000e+03
2.820000000000000000e+02
2.310000000000000000e+02
2.320000000000000000e+02
2.690000000000000000e+02
2.450000000000000000e+02
4.250000000000000000e+02
1.319000000000000000e+03
1.944000000000000000e+03
1.041000000000000000e+03
6.330000000000000000e+02
9.090000000000000000e+02
9.660000000000000000e+02
3.350000000000000000e+02
3.190000000000000000e+02
7.100000000000000000e+02
7.410000000000000000e+02
1.913000000000000000e+03
4.740000000000000000e+02
3.660000000000000000e+02
1.436000000000000000e+03
4.190000000000000000e+02
1.150000000000000000e+03
2.950000000000000000e+02
3.600000000000000000e+02
2.275000000000000000e+03
3.660000000000000000e+02
2.023000000000000000e+03
1.126000000000000000e+03
8.850000000000000000e+02
5.710000000000000000e+02
9.740000000000000000e+02
4.040000000000000000e+02
3.140000000000000000e+02
7.990000000000000000e+02
1.940000000000000000e+02
8.190000000000000000e+02
5.080000000000000000e+02
1.283000000000000000e+03
4.840000000000000000e+02
4.470000000000000000e+02
4.050000000000000000e+02
1.179000000000000000e+03
1.850000000000000000e+02
9.780000000000000000e+02
2.477000000000000000e+03
9.510000000000000000e+02
6.230000000000000000e+02
6.840000000000000000e+02
4.280000000000000000e+02
2.220000000000000000e+02
3.040000000000000000e+02
2.843000000000000000e+03
7.310000000000000000e+02
4.060000000000000000e+02
5.000000000000000000e+03
2.135000000000000000e+03
1.312000000000000000e+03
4.540000000000000000e+02
2.136000000000000000e+03
7.070000000000000000e+02
4.800000000000000000e+02
5.800000000000000000e+02
7.210000000000000000e+02
4.600000000000000000e+02
4.070000000000000000e+02
1.059000000000000000e+03
1.140000000000000000e+03
1.225000000000000000e+03
2.800000000000000000e+02
1.267000000000000000e+03
7.420000000000000000e+02
3.330000000000000000e+02
1.528000000000000000e+03
1.337000000000000000e+03
2.740000000000000000e+02
2.040000000000000000e+02
4.100000000000000000e+02
4.070000000000000000e+02
2.036000000000000000e+03
1.520000000000000000e+03
9.500000000000000000e+02
4.650000000000000000e+02
3.050000000000000000e+03
1.083000000000000000e+03
4.810000000000000000e+02
1.333000000000000000e+03
7.040000000000000000e+02
1.714000000000000000e+03
4.620000000000000000e+02
6.260000000000000000e+02
5.090000000000000000e+02
5.440000000000000000e+02
1.870000000000000000e+02
5.350000000000000000e+02
3.000000000000000000e+02
1.363000000000000000e+03
1.200000000000000000e+03
1.239000000000000000e+03
1.467000000000000000e+03
1.702000000000000000e+03
4.530000000000000000e+02
2.050000000000000000e+02
8.250000000000000000e+02
5.320000000000000000e+02
8.490000000000000000e+02
8.860000000000000000e+02
1.730000000000000000e+03
1.704000000000000000e+03
9.460000000000000000e+02
1.152000000000000000e+03
8.430000000000000000e+02
4.110000000000000000e+02
5.010000000000000000e+02
7.180000000000000000e+02
6.090000000000000000e+02
5.270000000000000000e+02
1.496000000000000000e+03
3.210000000000000000e+02
9.760000000000000000e+02
3.980000000000000000e+02
1.220000000000000000e+03
3.320000000000000000e+02
7.990000000000000000e+02
1.083000000000000000e+03
1.494000000000000000e+03
5.280000000000000000e+02
1.825000000000000000e+03
6.380000000000000000e+02
1.329000000000000000e+03
4.600000000000000000e+02
5.730000000000000000e+02
1.160000000000000000e+03
3.160000000000000000e+02
8.580000000000000000e+02
3.000000000000000000e+02
4.820000000000000000e+02
8.870000000000000000e+02
6.130000000000000000e+02
2.091000000000000000e+03
4.920000000000000000e+02
1.032000000000000000e+03
1.280000000000000000e+03
2.380000000000000000e+02
3.200000000000000000e+02
1.125000000000000000e+03
2.300000000000000000e+02
8.560000000000000000e+02
5.000000000000000000e+03
2.441000000000000000e+03
1.309000000000000000e+03
1.044000000000000000e+03
7.360000000000000000e+02
1.033000000000000000e+03
1.990000000000000000e+03
3.420000000000000000e+02
2.544000000000000000e+03
2.420000000000000000e+02
1.763000000000000000e+03
1.432000000000000000e+03
1.131000000000000000e+03
5.010000000000000000e+02
3.850000000000000000e+02
8.160000000000000000e+02
3.990000000000000000e+02
5.680000000000000000e+02
5.640000000000000000e+02
2.450000000000000000e+02
2.340000000000000000e+02
3.260000000000000000e+02
6.140000000000000000e+02
6.990000000000000000e+02
1.183000000000000000e+03
5.770000000000000000e+02
5.780000000000000000e+02
5.660000000000000000e+02
8.700000000000000000e+02
5.020000000000000000e+02
3.050000000000000000e+02
2.609000000000000000e+03
3.280000000000000000e+02
3.430000000000000000e+02
2.980000000000000000e+02
2.850000000000000000e+02
2.480000000000000000e+02
5.690000000000000000e+02
5.480000000000000000e+02
2.400000000000000000e+02
5.570000000000000000e+02
1.418000000000000000e+03
5.260000000000000000e+02
4.990000000000000000e+02
5.890000000000000000e+02
1.253000000000000000e+03
6.860000000000000000e+02
5.340000000000000000e+02
7.240000000000000000e+02
6.450000000000000000e+02
5.970000000000000000e+02
7.870000000000000000e+02
1.860000000000000000e+03
1.072000000000000000e+03
3.200000000000000000e+02
2.640000000000000000e+02
1.750000000000000000e+02
6.480000000000000000e+02
5.510000000000000000e+02
3.114000000000000000e+03
2.267000000000000000e+03
7.620000000000000000e+02
1.153000000000000000e+03
1.545000000000000000e+03
7.320000000000000000e+02
1.831000000000000000e+03
3.060000000000000000e+02
5.000000000000000000e+03
1.458000000000000000e+03
8.370000000000000000e+02
8.520000000000000000e+02
1.163000000000000000e+03
6.610000000000000000e+02
6.730000000000000000e+02
2.250000000000000000e+02
1.183000000000000000e+03
7.330000000000000000e+02
2.500000000000000000e+02
9.530000000000000000e+02
6.550000000000000000e+02
5.830000000000000000e+02
3.480000000000000000e+02
4.810000000000000000e+02
1.642000000000000000e+03
1.930000000000000000e+02
2.690000000000000000e+02
8.880000000000000000e+02
1.095000000000000000e+03
5.000000000000000000e+03
2.350000000000000000e+02
3.480000000000000000e+02
7.650000000000000000e+02
3.880000000000000000e+02
6.600000000000000000e+02
8.320000000000000000e+02
4.410000000000000000e+02
1.339000000000000000e+03
3.300000000000000000e+02
2.530000000000000000e+02
2.170000000000000000e+03
5.050000000000000000e+02
1.980000000000000000e+02
1.398000000000000000e+03
1.604000000000000000e+03
7.700000000000000000e+02
9.910000000000000000e+02
1.319000000000000000e+03
1.731000000000000000e+03
3.690000000000000000e+02
6.830000000000000000e+02
8.970000000000000000e+02
2.158000000000000000e+03
1.036000000000000000e+03
5.430000000000000000e+02
4.060000000000000000e+02
3.090000000000000000e+02
7.910000000000000000e+02
1.283000000000000000e+03
7.160000000000000000e+02
7.140000000000000000e+02
2.100000000000000000e+02
5.190000000000000000e+02
2.090000000000000000e+02
8.410000000000000000e+02
2.900000000000000000e+02
3.280000000000000000e+03
1.886000000000000000e+03
7.550000000000000000e+02
2.543000000000000000e+03
3.920000000000000000e+02
1.622000000000000000e+03
4.130000000000000000e+02
1.022000000000000000e+03
2.630000000000000000e+02
7.300000000000000000e+02
9.410000000000000000e+02
4.510000000000000000e+02
4.460000000000000000e+02
1.829000000000000000e+03
5.910000000000000000e+02
1.947000000000000000e+03
8.620000000000000000e+02
3.970000000000000000e+02
1.269000000000000000e+03
6.430000000000000000e+02
7.280000000000000000e+02
3.480000000000000000e+02
2.107000000000000000e+03
6.650000000000000000e+02
5.620000000000000000e+02
4.360000000000000000e+02
1.169000000000000000e+03
1.003000000000000000e+03
3.490000000000000000e+02
4.460000000000000000e+02
1.263000000000000000e+03
1.224000000000000000e+03
1.184000000000000000e+03
1.454000000000000000e+03
1.774000000000000000e+03
9.740000000000000000e+02
8.170000000000000000e+02
4.670000000000000000e+02
4.100000000000000000e+02
3.660000000000000000e+02
1.044000000000000000e+03
9.010000000000000000e+02
9.190000000000000000e+02
6.450000000000000000e+02
3.020000000000000000e+02
8.190000000000000000e+02
2.470000000000000000e+02
1.592000000000000000e+03
5.000000000000000000e+03
5.460000000000000000e+02
2.607000000000000000e+03
1.332000000000000000e+03
1.417000000000000000e+03
7.320000000000000000e+02
2.460000000000000000e+02
4.130000000000000000e+02
1.441000000000000000e+03
8.690000000000000000e+02
7.350000000000000000e+02
1.737000000000000000e+03
2.598000000000000000e+03
3.690000000000000000e+02
4.650000000000000000e+02
3.960000000000000000e+02
3.080000000000000000e+02
4.780000000000000000e+02
5.370000000000000000e+02
5.170000000000000000e+02
2.890000000000000000e+02
6.910000000000000000e+02
1.591000000000000000e+03
1.123000000000000000e+03
5.210000000000000000e+02
6.940000000000000000e+02
4.180000000000000000e+02
4.190000000000000000e+02
1.144000000000000000e+03
8.150000000000000000e+02
4.530000000000000000e+02
1.301000000000000000e+03
2.373000000000000000e+03
4.080000000000000000e+02
5.260000000000000000e+02
2.680000000000000000e+02
1.687000000000000000e+03
8.560000000000000000e+02
5.710000000000000000e+02
1.721000000000000000e+03
4.770000000000000000e+02
7.860000000000000000e+02
6.800000000000000000e+02
7.470000000000000000e+02
5.680000000000000000e+02
6.330000000000000000e+02
5.340000000000000000e+02
1.248000000000000000e+03
