-4712.0,1250.0
-4696.0,1250.0
-4688.0,1250.0
-4696.0,1250.0
-4696.0,1250.0
-4664.0,1250.0
-4672.0,1250.0
-4684.0,1250.0
-4684.0,1250.0
-4668.0,1250.0
-4644.0,1250.0
-4668.0,1250.0
-4680.0,1250.0
-4688.0,1250.0
-4676.0,1250.0
-4684.0,1250.0
-4680.0,1250.0
-4688.0,1250.0
-4660.0,1250.0
-4640.0,1250.0
-4656.0,1250.0
-4664.0,1250.0
-4648.0,1250.0
-4668.0,1250.0
-4656.0,1250.0
-4640.0,1250.0
-4636.0,1250.0
-4636.0,1250.0
-4632.0,1250.0
-4632.0,1250.0
-4648.0,1250.0
-4660.0,1250.0
-4644.0,1250.0
-4652.0,1250.0
-4664.0,1250.0
-4672.0,1250.0
-4692.0,1250.0
-4692.0,1250.0
-4692.0,1250.0
-4696.0,1250.0
-4696.0,1250.0
-4688.0,1250.0
-4696.0,1250.0
-4668.0,1250.0
-4664.0,1250.0
-4680.0,1250.0
-4660.0,1250.0
-4668.0,1250.0
-4668.0,1250.0
-4688.0,1250.0
-4680.0,1250.0
-4688.0,1250.0
-4680.0,1250.0
-4676.0,1250.0
-4684.0,1250.0
-4696.0,1250.0
-4684.0,1250.0
-4700.0,1250.0
-4704.0,1250.0
-4704.0,1250.0
-4688.0,1250.0
-4696.0,1250.0
-4704.0,1250.0
-4696.0,1250.0
-4696.0,1250.0
-4688.0,1250.0
-4672.0,1250.0
-4664.0,1250.0
-4672.0,1250.0
-4644.0,1250.0
-4664.0,1250.0
-4672.0,1250.0
-4648.0,1250.0
-4652.0,1250.0
-4652.0,1250.0
-4656.0,1250.0
-4680.0,1250.0
-4676.0,1250.0
-4636.0,1250.0
-4648.0,1250.0
-4656.0,1250.0
-4672.0,1250.0
-4680.0,1250.0
-4656.0,1250.0
-4660.0,1250.0
-4648.0,1250.0
-4648.0,1250.0
-4652.0,1250.0
-4660.0,1250.0
-4660.0,1250.0
-4656.0,1250.0
-4684.0,1250.0
-4692.0,1250.0
-4684.0,1250.0
-4680.0,1250.0
-4644.0,1250.0
-4664.0,1250.0
-4660.0,1250.0
-4668.0,1250.0
-4660.0,1250.0
-4688.0,1250.0
-4688.0,1250.0
-4688.0,1250.0
-4676.0,1250.0
-4672.0,1250.0
-4660.0,1250.0
-4660.0,1250.0
-4668.0,1250.0
-4704.0,1250.0
-4704.0,1250.0
-4680.0,1250.0
-4696.0,1250.0
-4700.0,1250.0
-4684.0,1250.0
-4684.0,1250.0
-4652.0,1250.0
-4672.0,1250.0
-4684.0,1250.0
-4672.0,1250.0
-4680.0,1250.0
-4672.0,1250.0
-4672.0,1250.0
-4668.0,1250.0
-4652.0,1250.0
-4680.0,1250.0
-4680.0,1250.0
-4688.0,1250.0
-4696.0,1250.0
-4692.0,1250.0
-4688.0,1250.0
-4704.0,1250.0
-4712.0,1250.0
-4704.0,1250.0
-4720.0,1250.0
-4724.0,1250.0
-4716.0,1250.0
-4716.0,1250.0
-4728.0,1250.0
-4720.0,1250.0
-4704.0,1250.0
-4680.0,1250.0
-4660.0,1250.0
-4644.0,1250.0
-4676.0,1250.0
-4692.0,1250.0
-4680.0,1250.0
-4664.0,1250.0
-4680.0,1250.0
-4680.0,1250.0
-4680.0,1250.0
-4684.0,1250.0
-4704.0,1250.0
-4708.0,1250.0
-4724.0,1250.0
-4712.0,1250.0
-4688.0,1250.0
-4720.0,1250.0
-4708.0,1250.0
-4696.0,1250.0
-4708.0,1250.0
-4704.0,1250.0
-4708.0,1250.0
-4704.0,1250.0
-4692.0,1250.0
-4676.0,1250.0
-4688.0,1250.0
-4672.0,1250.0
-4696.0,1250.0
-4692.0,1250.0
-4680.0,1250.0
-4668.0,1250.0
-4648.0,1250.0
-4684.0,1250.0
-4704.0,1250.0
-4672.0,1250.0
-4668.0,1250.0
-4708.0,1250.0
-4700.0,1250.0
-4704.0,1250.0
-4692.0,1250.0
-4704.0,1250.0
-4676.0,1250.0
-4668.0,1250.0
-4664.0,1250.0
-4672.0,1250.0
-4660.0,1250.0
-4684.0,1250.0
-4672.0,1250.0
-4672.0,1250.0
-4672.0,1250.0
-4668.0,1250.0
-4692.0,1250.0
-4656.0,1250.0
-4684.0,1250.0
-4688.0,1250.0
-4692.0,1250.0
-4696.0,1250.0
-4676.0,1250.0
-4684.0,1250.0
-4688.0,1250.0
-4700.0,1250.0
-4676.0,1250.0
-4692.0,1250.0
-4672.0,1250.0
-4692.0,1250.0
-4708.0,1250.0
-4696.0,1250.0
-4688.0,1250.0
-4668.0,1250.0
-4688.0,1250.0
-4676.0,1250.0
-4688.0,1250.0
-4640.0,1250.0
-4664.0,1250.0
-4676.0,1250.0
-4712.0,1250.0
-4716.0,1250.0
-4720.0,1250.0
-4720.0,1250.0
-4724.0,1250.0
-4712.0,1250.0
-4720.0,1250.0
-4692.0,1250.0
-4684.0,1250.0
-4660.0,1250.0
-4660.0,1250.0
-4692.0,1250.0
-4688.0,1250.0
-4700.0,1250.0
-4700.0,1250.0
-4708.0,1250.0
-4688.0,1250.0
-4672.0,1250.0
-4676.0,1250.0
-4692.0,1250.0
-4704.0,1250.0
-4668.0,1250.0
-4708.0,1250.0
-4708.0,1250.0
-4684.0,1250.0
-4672.0,1250.0
-4672.0,1250.0
-4704.0,1250.0
-4700.0,1250.0
-4692.0,1250.0
-4704.0,1250.0
-4696.0,1250.0
-4680.0,1250.0
-4676.0,1250.0
-4680.0,1250.0
-4688.0,1250.0
-4668.0,1250.0
-4648.0,1250.0
-4668.0,1250.0
-4676.0,1250.0
-4680.0,1250.0
-4696.0,1250.0
-4680.0,1250.0
-4700.0,1250.0
-4696.0,1250.0
-4696.0,1250.0
-4656.0,1250.0
-4692.0,1250.0
-4700.0,1250.0
-4688.0,1250.0
-4688.0,1250.0
-4668.0,1250.0
-4668.0,1250.0
-4664.0,1250.0
-4664.0,1250.0
-4664.0,1250.0
-4692.0,1250.0
-4704.0,1250.0
-4728.0,1250.0
-4716.0,1250.0
-4740.0,1250.0
-4716.0,1250.0
-4708.0,1250.0
-4708.0,1250.0
-4708.0,1250.0
-4688.0,1250.0
-4664.0,1250.0
-4652.0,1250.0
-4676.0,1250.0
-4692.0,1250.0
-4672.0,1250.0
-4684.0,1250.0
-4676.0,1250.0
-4684.0,1250.0
-4672.0,1250.0
-4648.0,1250.0
-4660.0,1250.0
-4680.0,1250.0
-4676.0,1250.0
-4672.0,1250.0
-4680.0,1250.0
-4672.0,1250.0
-4680.0,1250.0
-4680.0,1250.0
-4704.0,1250.0
-4704.0,1250.0
-4688.0,1250.0
-4684.0,1250.0
-4664.0,1250.0
-4676.0,1250.0
-4696.0,1250.0
-4680.0,1250.0
-4680.0,1250.0
-4676.0,1250.0
-4668.0,1250.0
-4668.0,1250.0
-4668.0,1250.0
-4668.0,1250.0
-4664.0,1250.0
-4636.0,1250.0
-4672.0,1250.0
-4672.0,1250.0
-4656.0,1250.0
-4636.0,1250.0
-4620.0,1250.0
-4616.0,1250.0
-4644.0,1250.0
-4676.0,1250.0
-4672.0,1250.0
-4664.0,1250.0
-4656.0,1250.0
-4676.0,1250.0
-4676.0,1250.0
-4664.0,1250.0
-4688.0,1250.0
-4668.0,1250.0
-4656.0,1250.0
-4648.0,1250.0
-4668.0,1250.0
-4640.0,1250.0
-4616.0,1250.0
-4616.0,1250.0
-4648.0,1250.0
-4652.0,1250.0
-4668.0,1250.0
-4676.0,1250.0
-4700.0,1250.0
-4688.0,1250.0
-4684.0,1250.0
-4692.0,1250.0
-4652.0,1250.0
-4664.0,1250.0
-4696.0,1250.0
-4684.0,1250.0
-4688.0,1250.0
-4664.0,1250.0
-4688.0,1250.0
-4680.0,1250.0
-4664.0,1250.0
-4684.0,1250.0
-4680.0,1250.0
-4700.0,1250.0
-4688.0,1250.0
-4708.0,1250.0
-4696.0,1250.0
-4700.0,1250.0
-4720.0,1250.0
-4712.0,1250.0
-4708.0,1250.0
-4708.0,1250.0
-4692.0,1250.0
-4708.0,1250.0
-4708.0,1250.0
-4712.0,1250.0
-4720.0,1250.0
-4712.0,1250.0
-4720.0,1250.0
-4712.0,1250.0
-4724.0,1250.0
-4728.0,1250.0
-4732.0,1250.0
-4708.0,1250.0
-4700.0,1250.0
-4696.0,1250.0
-4704.0,1250.0
-4716.0,1250.0
-4684.0,1250.0
-4712.0,1250.0
-4712.0,1250.0
-4724.0,1250.0
-4716.0,1250.0
-4700.0,1250.0
-4692.0,1250.0
-4696.0,1250.0
-4668.0,1250.0
-4664.0,1250.0
-4668.0,1250.0
-4700.0,1250.0
-4696.0,1250.0
-4684.0,1250.0
-4696.0,1250.0
-4676.0,1250.0
-4656.0,1250.0
-4664.0,1250.0
-4668.0,1250.0
-4684.0,1250.0
-4680.0,1250.0
-4676.0,1250.0
-4672.0,1250.0
-4692.0,1250.0
-4692.0,1250.0
-4696.0,1250.0
-4688.0,1250.0
-4672.0,1250.0
-4704.0,1250.0
-4708.0,1250.0
-4712.0,1250.0
-4700.0,1250.0
-4704.0,1250.0
-4692.0,1250.0
-4688.0,1250.0
-4668.0,1250.0
-4644.0,1250.0
-4648.0,1250.0
-4656.0,1250.0
-4684.0,1250.0
-4696.0,1250.0
-4700.0,1250.0
-4660.0,1250.0
-4672.0,1250.0
-4664.0,1250.0
-4664.0,1250.0
-4668.0,1250.0
-4660.0,1250.0
-4656.0,1250.0
-4664.0,1250.0
-4680.0,1250.0
-4704.0,1250.0
-4700.0,1250.0
-4688.0,1250.0
-4668.0,1250.0
-4688.0,1250.0
-4692.0,1250.0
-4676.0,1250.0
-4672.0,1250.0
-4664.0,1250.0
-4660.0,1250.0
-4672.0,1250.0
-4696.0,1250.0
-4688.0,1250.0
-4676.0,1250.0
-4680.0,1250.0
-4652.0,1250.0
-4696.0,1250.0
-4704.0,1250.0
-4688.0,1250.0
-4696.0,1250.0
-4700.0,1250.0
-4684.0,1250.0
-4688.0,1250.0
-4676.0,1250.0
-4684.0,1250.0
-4688.0,1250.0
-4688.0,1250.0
-4676.0,1250.0
-4664.0,1250.0
-4680.0,1250.0
-4700.0,1250.0
-4712.0,1250.0
-4712.0,1250.0
-4712.0,1250.0
-4684.0,1250.0
-4676.0,1250.0
-4672.0,1250.0
-4708.0,1250.0
-4708.0,1250.0
-4720.0,1250.0
-4668.0,1250.0
-4700.0,1250.0
-4700.0,1250.0
-4696.0,1250.0
-4672.0,1250.0
-4684.0,1250.0
-4700.0,1250.0
-4692.0,1250.0
-4684.0,1250.0
-4692.0,1250.0
-4720.0,1250.0
-4716.0,1250.0
-4728.0,1250.0
-4692.0,1250.0
-4688.0,1250.0
-4676.0,1250.0
-4704.0,1250.0
-4712.0,1250.0
-4700.0,1250.0
-4712.0,1250.0
-4696.0,1250.0
-4688.0,1250.0
-4704.0,1250.0
-4696.0,1250.0
-4684.0,1250.0
-4692.0,1250.0
-4692.0,1250.0
-4684.0,1250.0
-4692.0,1250.0
-4696.0,1250.0
-4688.0,1250.0
-4660.0,1250.0
-4688.0,1250.0
-4668.0,1250.0
-4680.0,1250.0
-4700.0,1250.0
-4696.0,1250.0
-4652.0,1250.0
-4680.0,1250.0
-4684.0,1250.0
-4688.0,1250.0
-4724.0,1250.0
-4712.0,1250.0
-4724.0,1250.0
-4700.0,1250.0
-4708.0,1250.0
-4720.0,1250.0
-4700.0,1250.0
-4684.0,1250.0
-4676.0,1250.0
-4704.0,1250.0
-4688.0,1250.0
-4672.0,1250.0
-4692.0,1250.0
-4696.0,1250.0
-4704.0,1250.0
-4680.0,1250.0
-4672.0,1250.0
-4668.0,1250.0
-4692.0,1250.0
-4664.0,1250.0
-4688.0,1250.0
-4696.0,1250.0
-4688.0,1250.0
-4644.0,1250.0
-4668.0,1250.0
-4664.0,1250.0
-4656.0,1250.0
-4652.0,1250.0
-4668.0,1250.0
-4668.0,1250.0
-4656.0,1250.0
-4656.0,1250.0
-4684.0,1250.0
-4648.0,1250.0
-4652.0,1250.0
-4684.0,1250.0
-4676.0,1250.0
-4688.0,1250.0
-4680.0,1250.0
-4676.0,1250.0
-4684.0,1250.0
-4688.0,1250.0
-4684.0,1250.0
-4692.0,1250.0
-4708.0,1250.0
-4704.0,1250.0
-4696.0,1250.0
-4688.0,1250.0
-4688.0,1250.0
-4700.0,1250.0
-4684.0,1250.0
-4684.0,1250.0
-4700.0,1250.0
-4656.0,1250.0
-4664.0,1250.0
-4680.0,1250.0
-4672.0,1250.0
-4708.0,1250.0
-4700.0,1250.0
-4684.0,1250.0
-4684.0,1250.0
-4696.0,1250.0
-4692.0,1250.0
-4672.0,1250.0
-4676.0,1250.0
-4684.0,1250.0
-4684.0,1250.0
-4672.0,1250.0
-4660.0,1250.0
-4644.0,1250.0
-4620.0,1250.0
-4640.0,1250.0
-4648.0,1250.0
-4648.0,1250.0
-4656.0,1250.0
-4664.0,1250.0
-4636.0,1250.0
-4676.0,1250.0
-4700.0,1250.0
-4680.0,1250.0
-4696.0,1250.0
-4684.0,1250.0
-4680.0,1250.0
-4692.0,1250.0
-4692.0,1250.0
-4636.0,1250.0
-4648.0,1250.0
-4652.0,1250.0
-4640.0,1250.0
-4652.0,1250.0
-4648.0,1250.0
-4656.0,1250.0
-4656.0,1250.0
-4668.0,1250.0
-4688.0,1250.0
-4688.0,1250.0
-4692.0,1250.0
-4672.0,1250.0
-4684.0,1250.0
-4680.0,1250.0
-4680.0,1250.0
-4676.0,1250.0
-4668.0,1250.0
-4632.0,1250.0
-4644.0,1250.0
-4660.0,1250.0
-4652.0,1250.0
-4640.0,1250.0
-4640.0,1250.0
-4676.0,1250.0
-4680.0,1250.0
-4704.0,1250.0
-4700.0,1250.0
-4700.0,1250.0
-4704.0,1250.0
-4696.0,1250.0
-4692.0,1250.0
-4692.0,1250.0
-4684.0,1250.0
-4660.0,1250.0
-4664.0,1250.0
-4668.0,1250.0
-4672.0,1250.0
-4676.0,1250.0
-4664.0,1250.0
-4668.0,1250.0
-4700.0,1250.0
-4720.0,1250.0
-4700.0,1250.0
-4684.0,1250.0
-4688.0,1250.0
-4700.0,1250.0
-4696.0,1250.0
-4712.0,1250.0
-4720.0,1250.0
-4704.0,1250.0
-4736.0,1250.0
-4740.0,1250.0
-4724.0,1250.0
-4720.0,1250.0
-4728.0,1250.0
-4704.0,1250.0
-4700.0,1250.0
-4720.0,1250.0
-4712.0,1250.0
-4732.0,1250.0
-4724.0,1250.0
-4716.0,1250.0
-4704.0,1250.0
-4688.0,1250.0
-4688.0,1250.0
-4696.0,1250.0
-4680.0,1250.0
-4676.0,1250.0
-4652.0,1250.0
-4680.0,1250.0
-4668.0,1250.0
-4676.0,1250.0
-4668.0,1250.0
-4684.0,1250.0
-4648.0,1250.0
-4676.0,1250.0
-4676.0,1250.0
-4668.0,1250.0
-4664.0,1250.0
-4672.0,1250.0
-4656.0,1250.0
-4688.0,1250.0
-4684.0,1250.0
-4672.0,1250.0
-4696.0,1250.0
-4704.0,1250.0
-4712.0,1250.0
-4688.0,1250.0
-4704.0,1250.0
-4688.0,1250.0
-4692.0,1250.0
-4668.0,1250.0
-4656.0,1250.0
-4648.0,1250.0
-4656.0,1250.0
-4640.0,1250.0
-4628.0,1250.0
-4648.0,1250.0
-4628.0,1250.0
-4648.0,1250.0
-4660.0,1250.0
-4652.0,1250.0
-4672.0,1250.0
-4680.0,1250.0
-4680.0,1250.0
-4664.0,1250.0
-4668.0,1250.0
-4648.0,1250.0
-4656.0,1250.0
-4640.0,1250.0
-4660.0,1250.0
-4652.0,1250.0
-4676.0,1250.0
-4692.0,1250.0
-4680.0,1250.0
-4664.0,1250.0
-4660.0,1250.0
-4680.0,1250.0
-4668.0,1250.0
-4680.0,1250.0
-4704.0,1250.0
-4708.0,1250.0
-4704.0,1250.0
-4688.0,1250.0
-4684.0,1250.0
-4692.0,1250.0
-4680.0,1250.0
-4652.0,1250.0
-4652.0,1250.0
-4656.0,1250.0
-4632.0,1250.0
-4636.0,1250.0
-4648.0,1250.0
-4684.0,1250.0
-4672.0,1250.0
-4680.0,1250.0
-4704.0,1250.0
-4704.0,1250.0
-4696.0,1250.0
-4692.0,1250.0
-4704.0,1250.0
-4708.0,1250.0
-4700.0,1250.0
-4700.0,1250.0
-4712.0,1250.0
-4704.0,1250.0
-4692.0,1250.0
-4712.0,1250.0
-4708.0,1250.0
-4708.0,1250.0
-4712.0,1250.0
-4700.0,1250.0
-4696.0,1250.0
-4680.0,1250.0
-4680.0,1250.0
-4692.0,1250.0
-4676.0,1250.0
-4680.0,1250.0
-4692.0,1250.0
-4672.0,1250.0
-4672.0,1250.0
-4676.0,1250.0
-4660.0,1250.0
-4684.0,1250.0
-4684.0,1250.0
-4696.0,1250.0
-4680.0,1250.0
-4660.0,1250.0
-4664.0,1250.0
-4688.0,1250.0
-4668.0,1250.0
-4664.0,1250.0
-4700.0,1250.0
-4704.0,1250.0
-4676.0,1250.0
-4688.0,1250.0
-4680.0,1250.0
-4696.0,1250.0
-4672.0,1250.0
-4660.0,1250.0
-4700.0,1250.0
-4704.0,1250.0
-4676.0,1250.0
-4680.0,1250.0
-4672.0,1250.0
-4660.0,1250.0
-4684.0,1250.0
-4696.0,1250.0
-4704.0,1250.0
-4692.0,1250.0
-4692.0,1250.0
-4688.0,1250.0
-4692.0,1250.0
-4672.0,1250.0
-4676.0,1250.0
-4672.0,1250.0
-4688.0,1250.0
-4708.0,1250.0
-4716.0,1250.0
-4688.0,1250.0
-4700.0,1250.0
-4676.0,1250.0
-4664.0,1250.0
-4652.0,1250.0
-4664.0,1250.0
-4656.0,1250.0
-4656.0,1250.0
-4672.0,1250.0
-4668.0,1250.0
-4664.0,1250.0
-4696.0,1250.0
-4688.0,1250.0
-4672.0,1250.0
-4684.0,1250.0
-4684.0,1250.0
-4692.0,1250.0
-4696.0,1250.0
-4696.0,1250.0
-4688.0,1250.0
-4688.0,1250.0
-4684.0,1250.0
-4680.0,1250.0
-4688.0,1250.0
-4676.0,1250.0
-4684.0,1250.0
-4692.0,1250.0
-4700.0,1250.0
-4688.0,1250.0
-4708.0,1250.0
-4696.0,1250.0
-4692.0,1250.0
-4676.0,1250.0
-4636.0,1250.0
-4636.0,1250.0
-4672.0,1250.0
-4676.0,1250.0
-4668.0,1250.0
-4704.0,1250.0
-4664.0,1250.0
-4668.0,1250.0
-4648.0,1250.0
-4684.0,1250.0
-4708.0,1250.0
-4720.0,1250.0
-4720.0,1250.0
-4712.0,1250.0
-4704.0,1250.0
-4680.0,1250.0
-4684.0,1250.0
-4656.0,1250.0
-4664.0,1250.0
-4648.0,1250.0
-4652.0,1250.0
-4672.0,1250.0
-4676.0,1250.0
-4672.0,1250.0
-4684.0,1250.0
-4660.0,1250.0
-4664.0,1250.0
-4680.0,1250.0
-4688.0,1250.0
-4696.0,1250.0
-4692.0,1250.0
-4700.0,1250.0
-4700.0,1250.0
-4700.0,1250.0
-4716.0,1250.0
-4704.0,1250.0
-4708.0,1250.0
-4696.0,1250.0
-4704.0,1250.0
-4668.0,1250.0
-4676.0,1250.0
-4672.0,1250.0
-4696.0,1250.0
-4696.0,1250.0
-4708.0,1250.0
-4708.0,1250.0
-4728.0,1250.0
-4724.0,1250.0
-4712.0,1250.0
-4708.0,1250.0
-4724.0,1250.0
-4716.0,1250.0
-4720.0,1250.0
-4732.0,1250.0
-4712.0,1250.0
-4696.0,1250.0
-4696.0,1250.0
-4712.0,1250.0
-4716.0,1250.0
-4724.0,1250.0
-4704.0,1250.0
-4704.0,1250.0
-4720.0,1250.0
-4724.0,1250.0
-4716.0,1250.0
-4720.0,1250.0
-4704.0,1250.0
-4696.0,1250.0
-4696.0,1250.0
-4704.0,1250.0
-4700.0,1250.0
-4728.0,1250.0
-4740.0,1250.0
-4720.0,1250.0
-4704.0,1250.0
-4680.0,1250.0
-4700.0,1250.0
-4684.0,1250.0
-4696.0,1250.0
-4708.0,1250.0
-4700.0,1250.0
-4688.0,1250.0
-4684.0,1250.0
-4684.0,1250.0
-4696.0,1250.0
-4704.0,1250.0
-4696.0,1250.0
-4724.0,1250.0
-4720.0,1250.0
-4704.0,1250.0
-4692.0,1250.0
-4684.0,1250.0
-4700.0,1250.0
-4700.0,1250.0
-4680.0,1250.0
-4676.0,1250.0
-4676.0,1250.0
-4700.0,1250.0
-4704.0,1250.0
-4720.0,1250.0
-4720.0,1250.0
-4712.0,1250.0
-4700.0,1250.0
-4716.0,1250.0
-4692.0,1250.0
-4700.0,1250.0
-4696.0,1250.0
-4700.0,1250.0
-4712.0,1250.0
-4688.0,1250.0
-4680.0,1250.0
-4704.0,1250.0
-4696.0,1250.0
-4676.0,1250.0
-4684.0,1250.0
-4688.0,1250.0
-4672.0,1250.0
-4684.0,1250.0
-4684.0,1250.0
-4680.0,1250.0
-4680.0,1250.0
-4680.0,1250.0
-4676.0,1250.0
-4656.0,1250.0
-4648.0,1250.0
-4652.0,1250.0
-4688.0,1250.0
-4700.0,1250.0
-4712.0,1250.0
-4672.0,1250.0
-4684.0,1250.0
-4668.0,1250.0
-4668.0,1250.0
-4672.0,1250.0
-4688.0,1250.0
-4692.0,1250.0
-4688.0,1250.0
-4672.0,1250.0
-4664.0,1250.0
-4616.0,1250.0
-4636.0,1250.0
-4676.0,1250.0
-4684.0,1250.0
-4672.0,1250.0
-4660.0,1250.0
-4664.0,1250.0
-4700.0,1250.0
-4708.0,1250.0
-4684.0,1250.0
-4660.0,1250.0
-4664.0,1250.0
-4644.0,1250.0
-4668.0,1250.0
-4644.0,1250.0
-4684.0,1250.0
-4696.0,1250.0
-4700.0,1250.0
-4712.0,1250.0
-4716.0,1250.0
-4716.0,1250.0
-4712.0,1250.0
-4732.0,1250.0
-4712.0,1250.0
-4684.0,1250.0
-4664.0,1250.0
-4632.0,1250.0
-4644.0,1250.0
-4672.0,1250.0
-4692.0,1250.0
-4700.0,1250.0
